chr17	82126685	82127185	3957
chr7	151408743	151409243	3157
chr1	6460290	6460790	2806
chr12	12482037	12482537	2111
chr18	58687834	58688334	2269
chr6	161076208	161076708	1846
chr13	40485538	40486038	3145
chr12	12466081	12466581	2396
chr11	61042156	61042656	2652
chr8	19497038	19497538	2843
chr6	167119625	167120125	2223
chr11	3014488	3014988	2013
chr2	96962874	96963374	2166
chr3	46065257	46065757	1888
chr1	154955032	154955532	3120
chr20	5714418	5714918	2699
chr7	55469216	55469716	1732
chr7	158812646	158813146	1700
chr22	42180212	42180712	1513
chr2	233267828	233268328	3318
chr22	44455253	44455753	1763
chr2	168751035	168751535	1672
chr15	88904583	88905083	3635
chr3	138780977	138781477	1905
chr14	91244957	91245457	1555
chr5	157159225	157159725	1624
chr1	185281200	185281700	1923
chr22	31278920	31279420	1835
chr5	82356898	82357398	2020
chr3	42556287	42556787	1645
chr1	232923917	232924417	1701
chr16	22189889	22190389	3016
chr13	29935570	29936070	2439
chr1	206803123	206803623	3348
chr1	23619510	23620010	2867
chr11	126062777	126063277	2910
chr2	230254519	230255019	1264
chr5	35854244	35854744	3229
chr4	142703871	142704371	1348
chr11	129853805	129854305	1908
chr14	98984634	98985134	1852
chr3	187027417	187027917	2202
chr12	8954032	8954532	1844
chr7	74452267	74452767	1736
chr12	11998500	11999000	1401
chr2	95074550	95075050	1793
chr1	98871432	98871932	2703
chr3	101518311	101518811	1854
chr1	172838333	172838833	1260
chr1	57307348	57307848	2645
chr3	13866540	13867040	1735
chr9	133683388	133683888	807
chr11	13868920	13869420	2174
chr3	7876768	7877268	1720
chr2	147449371	147449871	1047
chr9	98075791	98076291	969
chr11	133927774	133928274	843
chr14	64755778	64756278	2139
chr7	86978717	86979217	1493
chr7	43669329	43669829	1225
chr2	1509134	1509634	1169
chr5	52725314	52725814	2291
chr8	2130888	2131388	2002
chr16	27195907	27196407	1621
chr7	151429755	151430255	2012
chr5	56612713	56613213	995
chr9	33415385	33415885	3196
chr18	74373397	74373897	1997
chr17	41338974	41339474	2435
chr16	84759077	84759577	1032
chr15	100596783	100597283	2236
chr12	12560919	12561419	1797
chr5	133170653	133171153	1523
chr2	196229999	196230499	1065
chr3	48268252	48268752	1362
chr21	31354483	31354983	1419
chr12	119988669	119989169	4723
chr1	25774833	25775333	2642
chr4	7854931	7855431	2194
chr8	93969230	93969730	1043
chr13	33610706	33611206	961
chr14	99262416	99262916	2882
chr15	63841961	63842461	1448
chr3	13879969	13880469	1005
chr7	98251152	98251652	1785
chr10	69507750	69508250	1771
chr2	172463046	172463546	1971
chr6	11414519	11415019	1085
chr2	105753996	105754496	1242
chr8	23243350	23243850	1943
chr2	113876720	113877220	1730
chr10	103747987	103748487	851
chr2	197869550	197870050	1115
chr3	108835012	108835512	784
chr12	92398536	92399036	1939
chr8	143461836	143462336	1842
chr2	147182161	147182661	667
chr1	152392777	152393277	1481
chr22	40728670	40729170	1125
chr9	133676975	133677475	1389
chr11	129814489	129814989	1020
chr4	23333935	23334435	1238
chr13	75326554	75327054	1679
chr1	222420549	222421049	1432
chr5	62299555	62300055	670
chr12	96205854	96206354	841
chr12	4506797	4507297	1312
chr3	188323047	188323547	993
chr10	6291722	6292222	654
chr8	29555274	29555774	1988
chr4	89929633	89930133	994
chr7	25028562	25029062	1118
chr5	142223534	142224034	2219
chr19	35248454	35248954	1629
chr2	55530413	55530913	1100
chr9	120846454	120846954	1434
chr3	33060531	33061031	657
chr2	95076617	95077117	1831
chr5	68255721	68256221	1153
chrX	108018564	108019064	1217
chr5	53041046	53041546	764
chr2	203719989	203720489	1595
chr7	151206835	151207335	1676
chr12	52155376	52155876	963
chr4	152554116	152554616	1285
chr6	3370754	3371254	629
chr3	45870002	45870502	2224
chr11	60986077	60986577	3506
chr14	91869868	91870368	1675
chr20	21548263	21548763	979
chr4	152100537	152101037	3225
chr5	35853577	35854077	1911
chr2	148524383	148524883	1688
chr3	112072332	112072832	1616
chr12	56338605	56339105	1332
chr9	78118901	78119401	969
chr10	12594032	12594532	489
chr6	136753586	136754086	1406
chr2	10493501	10494001	1794
chr17	40480345	40480845	3040
chr9	37529074	37529574	1239
chr13	114148443	114148943	3564
chr7	152144808	152145308	706
chr1	53413201	53413701	1764
chr3	157130433	157130933	1525
chr8	93991318	93991818	1515
chr15	60787946	60788446	680
chr3	13880499	13880999	1040
chr11	128840021	128840521	795
chr9	98101895	98102395	3028
chr13	73859800	73860300	764
chr15	33104260	33104760	997
chr16	4414244	4414744	2927
chr16	67236123	67236623	776
chr12	66288054	66288554	1818
chr2	227848618	227849118	809
chr3	10603363	10603863	1218
chr8	9079877	9080377	537
chr15	38688729	38689229	1216
chr8	41466461	41466961	765
chr13	29937818	29938318	623
chr13	40187201	40187701	2442
chr4	4461728	4462228	1555
chr5	174454386	174454886	741
chr5	149348366	149348866	868
chr2	161244461	161244961	1564
chr1	24486188	24486688	827
chr2	204967528	204968028	1632
chr17	55072913	55073413	778
chr2	171248214	171248714	1375
chr2	234463963	234464463	1813
chr10	6014402	6014902	772
chr10	122515826	122516326	1161
chr1	91804558	91805058	2387
chr4	153205051	153205551	740
chr18	23972307	23972807	808
chr6	156396272	156396772	1303
chr8	78445062	78445562	919
chr20	46204530	46205030	608
chr10	6173170	6173670	1173
chr19	10142712	10143212	1607
chr3	32238398	32238898	1171
chr6	135014235	135014735	665
chr1	117658699	117659199	1603
chr7	6991044	6991544	1073
chr6	79964489	79964989	916
chr5	35830546	35831046	1808
chr10	16787373	16787873	1849
chr1	37673828	37674328	1175
chr1	234845220	234845720	869
chr22	39658321	39658821	840
chr11	128476628	128477128	2324
chr2	241123745	241124245	540
chr8	144685705	144686205	2000
chr3	32963828	32964328	825
chr8	2145229	2145729	1250
chr1	200877780	200878280	376
chr22	35552432	35552932	983
chr8	22642867	22643367	1135
chr11	46331120	46331620	1336
chr17	19772061	19772561	1393
chr4	122578388	122578888	1585
chr9	114718771	114719271	1177
chr6	127971981	127972481	2327
chr22	28822807	28823307	1025
chr14	61337757	61338257	1866
chr12	64674506	64675006	1658
chr14	97602730	97603230	2106
chr18	13376910	13377410	865
chr2	203706350	203706850	2340
chr2	234488896	234489396	1604
chr6	157885135	157885635	1312
chr14	91245941	91246441	2302
chr17	65039584	65040084	1576
chr12	92055812	92056312	1167
chr5	39178853	39179353	990
chr1	2231894	2232394	859
chr3	105368577	105369077	1409
chr17	75036609	75037109	2712
chr10	43332037	43332537	1325
chr4	102630625	102631125	1416
chr15	88627423	88627923	1938
chr17	64985121	64985621	1328
chr17	40582250	40582750	1215
chr20	13221541	13222041	814
chr6	12008455	12008955	2132
chr19	32794452	32794952	1156
chr4	101020044	101020544	1473
chr7	130938500	130939000	1736
chr10	450878	451378	1625
chr9	89743397	89743897	1293
chr10	33114316	33114816	1231
chr3	101571033	101571533	370
chr17	49362160	49362660	3346
chr13	20475791	20476291	2402
chr1	110631291	110631791	2397
chr17	40540924	40541424	1531
chr8	100807026	100807526	936
chr11	102306197	102306697	661
chr15	88636012	88636512	1663
chr6	139161139	139161639	1901
chr13	20476319	20476819	904
chr6	152309628	152310128	960
chr5	111224066	111224566	1997
chr15	60704076	60704576	1263
chr17	14201016	14201516	1564
chr5	175652947	175653447	1016
chr11	45385756	45386256	592
chr6	35601736	35602236	2706
chr11	117279918	117280418	656
chr14	95463254	95463754	1234
chr2	84778826	84779326	570
chr11	118892434	118892934	1412
chr12	12562444	12562944	2209
chr5	134086941	134087441	1360
chr9	120903968	120904468	1440
chr16	84553888	84554388	1124
chr6	143097163	143097663	787
chr12	74900197	74900697	634
chr12	124469469	124469969	489
chr13	29936086	29936586	589
chr2	48236352	48236852	399
chr7	130930278	130930778	882
chr10	33115675	33116175	544
chr3	189324678	189325178	2072
chr1	1173571	1174071	617
chr19	19597884	19598384	1605
chr13	109779051	109779551	1499
chr8	23160888	23161388	758
chr17	78535420	78535920	527
chr3	129118785	129119285	1240
chr22	45318137	45318637	1854
chr7	832189	832689	966
chr17	2482161	2482661	750
chr19	35206408	35206908	1301
chr1	236516819	236517319	1072
chr5	119330448	119330948	1620
chr1	35505933	35506433	2041
chr10	12448692	12449192	2544
chr3	52222014	52222514	1020
chr15	67082127	67082627	972
chr22	42120606	42121106	689
chr5	35856627	35857127	1861
chr10	23363411	23363911	994
chr4	142847185	142847685	653
chr10	85612324	85612824	1104
chrX	78517117	78517617	1248
chr10	62183370	62183870	2551
chr2	3222636	3223136	919
chr3	14890401	14890901	519
chr16	11783395	11783895	1329
chr20	51541067	51541567	2024
chr2	112188005	112188505	1290
chr6	161080229	161080729	730
chr5	35811061	35811561	1271
chr1	100927262	100927762	1581
chr15	91469858	91470358	1164
chr18	13276510	13277010	479
chr5	98773300	98773800	1949
chr9	37528526	37529026	306
chr6	149494893	149495393	1273
chr19	29831106	29831606	1281
chr11	71710247	71710747	712
chr5	67003752	67004252	1644
chr10	69451197	69451697	1230
chr19	16566093	16566593	2079
chr3	128316359	128316859	1223
chr11	85823652	85824152	2624
chr6	31582262	31582762	1139
chr8	118563982	118564482	813
chr1	87404262	87404762	855
chr11	2093049	2093549	569
chr7	115229326	115229826	701
chr10	100510865	100511365	2201
chr1	181396013	181396513	1205
chr14	52400794	52401294	750
chr6	36912583	36913083	1324
chr9	33446267	33446767	1698
chr4	17336549	17337049	961
chr16	48318628	48319128	736
chr22	49838738	49839238	2811
chr15	88894194	88894694	823
chr1	6459724	6460224	785
chr11	67884674	67885174	661
chr19	38538694	38539194	924
chr2	130824277	130824777	1418
chr13	73702655	73703155	1248
chr5	159412188	159412688	1883
chr14	104389874	104390374	763
chr6	137736368	137736868	549
chr1	154464746	154465246	747
chr2	203740934	203741434	1690
chr3	129481832	129482332	1036
chr6	127516072	127516572	1264
chr15	41969998	41970498	874
chr5	80253597	80254097	335
chr12	12482551	12483051	910
chr12	12467599	12468099	1107
chr7	107870607	107871107	464
chr1	66769518	66770018	551
chr20	21557550	21558050	687
chr10	116723873	116724373	609
chr1	193457601	193458101	754
chr19	16368928	16369428	2066
chr1	89609684	89610184	600
chr2	206530698	206531198	933
chr3	98563515	98564015	1138
chr10	89615042	89615542	416
chr12	12456558	12457058	812
chr18	2644447	2644947	543
chr19	47145781	47146281	878
chr3	33008209	33008709	622
chr4	38949330	38949830	921
chr7	106022041	106022541	1521
chr8	8869008	8869508	626
chr19	40803814	40804314	2200
chr3	66377863	66378363	827
chr9	131500279	131500779	1283
chr12	130868458	130868958	927
chr1	31827272	31827772	1233
chr11	3512040	3512540	718
chr11	133956789	133957289	2212
chr6	444867	445367	959
chr17	8898952	8899452	3077
chr12	131536277	131536777	1076
chr10	47311518	47312018	1166
chr13	45297871	45298371	864
chr6	33343810	33344310	2161
chr20	63653364	63653864	776
chr9	99112984	99113484	979
chr19	18496102	18496602	1186
chr2	109031704	109032204	2767
chr18	13609101	13609601	452
chr11	11149532	11150032	949
chr2	12856832	12857332	1395
chr5	80191905	80192405	927
chr10	5564069	5564569	783
chr15	41150682	41151182	547
chr1	225897071	225897571	2013
chr15	50907199	50907699	1430
chr3	112134700	112135200	732
chr13	50129021	50129521	333
chr17	66673564	66674064	1364
chr6	26086138	26086638	860
chr17	76191868	76192368	1781
chr10	47312033	47312533	777
chr1	152035013	152035513	1295
chr17	80664949	80665449	1059
chr8	30133685	30134185	2202
chr3	153624145	153624645	709
chr16	50781459	50781959	571
chr10	5775628	5776128	1064
chr2	106137886	106138386	540
chr17	58152975	58153475	1525
chrX	48934528	48935028	561
chr10	3875534	3876034	1009
chr9	129866593	129867093	787
chr3	48514799	48515299	651
chr10	6134948	6135448	790
chr14	89903518	89904018	418
chr7	50360418	50360918	2054
chr1	115062607	115063107	3114
chr10	43299513	43300013	742
chr4	40283945	40284445	1063
chr9	38620798	38621298	1111
chr2	54092725	54093225	489
chr5	173884659	173885159	733
chr12	46523834	46524334	764
chr1	3531294	3531794	1942
chr1	150106306	150106806	794
chr14	34665997	34666497	571
chr5	56638900	56639400	961
chr5	759031	759531	1290
chr11	35235862	35236362	1206
chr19	47159077	47159577	838
chr5	56479672	56480172	563
chr15	59803611	59804111	1849
chr2	105929423	105929923	1063
chr12	12474964	12475464	1740
chr11	44680892	44681392	1177
chr1	160664723	160665223	1087
chr9	111926482	111926982	1334
chr9	94871078	94871578	2058
chr12	91978019	91978519	1142
chr4	108113271	108113771	1386
chr8	38368466	38368966	926
chr7	44995719	44996219	468
chr4	40238779	40239279	1597
chr3	189355793	189356293	1346
chr4	102598353	102598853	1420
chr1	160629228	160629728	1238
chr2	68089889	68090389	468
chr9	121133074	121133574	1724
chr2	101570722	101571222	1184
chr1	109113770	109114270	2411
chr8	100809486	100809986	2630
chr21	31132849	31133349	1609
chr6	135094266	135094766	594
chr6	42045668	42046168	2511
chr9	128030883	128031383	1954
chr18	23994374	23994874	773
chr3	32462133	32462633	498
chr5	96345186	96345686	738
chr6	142773794	142774294	583
chr1	172708368	172708868	656
chr14	31944323	31944823	657
chr16	67158900	67159400	1577
chr17	65523392	65523892	997
chr7	138903347	138903847	1215
chr22	31958528	31959028	897
chr2	38667022	38667522	1593
chr17	55238257	55238757	1390
chr10	110010032	110010532	1985
chr17	40533369	40533869	1913
chr8	143966185	143966685	960
chr3	31462171	31462671	1693
chr21	31184385	31184885	576
chr6	106126112	106126612	529
chr1	229057997	229058497	1116
chr11	128345246	128345746	1024
chr11	64900166	64900666	904
chr17	36674142	36674642	864
chr8	141403855	141404355	1499
chr1	151830626	151831126	1026
chr5	672770	673270	1024
chr1	193479122	193479622	2779
chr22	40324434	40324934	1651
chr11	44596546	44597046	1015
chr3	27479727	27480227	1154
chr4	142567164	142567664	993
chr1	24501190	24501690	458
chr8	80864718	80865218	928
chr1	154404866	154405366	1592
chr5	170261967	170262467	1086
chr15	60916808	60917308	1160
chr1	198188026	198188526	1208
chr1	246569524	246570024	1029
chr10	86399767	86400267	1811
chr1	24502654	24503154	2151
chr8	124563521	124564021	835
chr6	149233136	149233636	801
chr1	203682600	203683100	1306
chr17	18955525	18956025	1135
chr1	151898593	151899093	1773
chr12	124608983	124609483	1806
chr6	157981540	157982040	2261
chr12	103901758	103902258	949
chr10	114544211	114544711	1521
chr1	157133414	157133914	762
chr1	234758777	234759277	974
chr12	111993494	111993994	898
chr3	56858291	56858791	402
chr2	239298325	239298825	1423
chr5	95622245	95622745	1200
chr5	134279645	134280145	680
chr6	11785982	11786482	522
chr22	40258363	40258863	624
chr1	36366210	36366710	700
chr19	55626317	55626817	745
chr5	32531567	32532067	1128
chr20	3989424	3989924	799
chr13	42406224	42406724	715
chr1	1216960	1217460	595
chr1	116877868	116878368	1530
chr1	155514508	155515008	340
chr1	235207139	235207639	668
chr1	240666509	240667009	652
chr11	32420747	32421247	630
chr4	76994033	76994533	1068
chr5	36168694	36169194	315
chr19	14521999	14522499	2541
chr5	157551969	157552469	916
chr6	37507873	37508373	879
chr6	143539034	143539534	582
chr15	40493422	40493922	497
chr5	157197053	157197553	581
chr5	76473599	76474099	1178
chrX	46320359	46320859	574
chr4	152099910	152100410	1085
chr1	234978603	234979103	1343
chr7	150676824	150677324	732
chr6	118796565	118797065	1609
chr8	60792760	60793260	1860
chr12	89863449	89863949	1968
chr4	148060526	148061026	820
chr2	98664300	98664800	992
chr1	24503339	24503839	368
chr1	224182287	224182787	2189
chr10	69425750	69426250	1158
chrX	136674610	136675110	1059
chr5	65796880	65797380	555
chr9	20314882	20315382	970
chr17	76773240	76773740	881
chr3	195550143	195550643	1967
chr1	194289455	194289955	1437
chr5	96816298	96816798	2568
chr1	156104040	156104540	719
chr2	172427267	172427767	1501
chr11	30326853	30327353	404
chr19	17001655	17002155	2525
chr12	11981084	11981584	1962
chr5	39209869	39210369	2387
chr19	48933356	48933856	1428
chr19	5961930	5962430	3001
chr3	15347331	15347831	725
chr6	156395217	156395717	768
chr4	80492744	80493244	1819
chr4	87103697	87104197	1129
chr14	99259211	99259711	1117
chr5	95631968	95632468	1638
chr10	91033978	91034478	844
chr12	9761237	9761737	1434
chr2	203867509	203868009	1020
chr12	132908418	132908918	3448
chr16	84549190	84549690	1249
chr2	203987024	203987524	541
chr9	72527328	72527828	1392
chr14	34741753	34742253	653
chr15	64894593	64895093	2503
chr2	147288113	147288613	820
chr6	110560511	110561011	779
chr6	142885359	142885859	1192
chr2	106094518	106095018	1222
chr2	230262074	230262574	1027
chr5	57117527	57118027	1321
chr2	162011634	162012134	1535
chr20	64227208	64227708	361
chr21	29449508	29450008	714
chr6	149484720	149485220	2128
chr10	6062175	6062675	1005
chr3	66490137	66490637	493
chr15	60580536	60581036	1403
chr10	14507061	14507561	1213
chr13	40096271	40096771	407
chr12	6790724	6791224	578
chr2	95025756	95026256	843
chr20	5737238	5737738	1510
chr16	68132019	68132519	565
chr3	32973886	32974386	886
chr11	13940504	13941004	1226
chr11	118051438	118051938	1946
chr12	3897277	3897777	1077
chr12	12502756	12503256	550
chr17	72592606	72593106	428
chr2	37599609	37600109	1954
chr2	168212035	168212535	171
chr7	584024	584524	1628
chr8	30134269	30134769	186
chrX	110229767	110230267	1242
chr6	25865963	25866463	1258
chr17	61222621	61223121	706
chr1	89870854	89871354	789
chr10	4154242	4154742	598
chr1	121518875	121519375	1104
chr22	37122118	37122618	2701
chr21	31509582	31510082	489
chr16	27367576	27368076	1782
chr9	76023847	76024347	768
chr2	100218471	100218971	625
chr2	191628869	191629369	533
chr3	138329017	138329517	842
chr3	69235868	69236368	445
chr2	229822160	229822660	412
chr5	134103235	134103735	458
chr10	33139035	33139535	2246
chr16	4802076	4802576	1887
chr19	49568065	49568565	2652
chr20	49823421	49823921	954
chr12	55929288	55929788	2675
chr14	94158437	94158937	848
chr16	53457602	53458102	1885
chr10	103678103	103678603	1586
chr16	15961043	15961543	1337
chr14	63864244	63864744	1804
chr2	204027019	204027519	514
chr16	56262117	56262617	1764
chr6	90274334	90274834	2712
chr9	125195017	125195517	1238
chr1	1728485	1728985	935
chr11	121459437	121459937	1441
chr11	121328151	121328651	752
chr7	151432824	151433324	804
chr19	46612118	46612618	1083
chr5	56050918	56051418	518
chr12	13196386	13196886	765
chr9	71766686	71767186	567
chr12	22335173	22335673	1816
chr6	90295888	90296388	1231
chr4	109648561	109649061	1478
chr22	38984917	38985417	866
chr7	1046673	1047173	846
chr18	69756050	69756550	473
chr1	234408650	234409150	987
chrX	46611614	46612114	716
chr10	110363949	110364449	418
chrX	42127907	42128407	368
chr5	758049	758549	422
chr7	127322334	127322834	867
chr4	98688931	98689431	752
chr6	167054097	167054597	495
chr3	189041501	189042001	949
chr11	34248430	34248930	1028
chr3	4845812	4846312	1015
chr22	30940580	30941080	971
chr16	10964765	10965265	893
chr10	119663794	119664294	1087
chr19	49476161	49476661	562
chr2	203718150	203718650	911
chr8	143369108	143369608	838
chr1	234409297	234409797	529
chr22	38758481	38758981	571
chr16	29827079	29827579	1070
chr10	99870239	99870739	697
chr10	6083664	6084164	536
chr8	11820260	11820760	1697
chr11	61083474	61083974	1349
chr1	109502482	109502982	1472
chr7	157471639	157472139	1025
chr21	45302101	45302601	689
chr13	40187856	40188356	927
chr14	98931904	98932404	1284
chr17	39238490	39238990	1589
chr17	57439857	57440357	209
chr2	170651646	170652146	904
chr3	112807597	112808097	444
chr5	56711112	56711612	341
chr7	106604486	106604986	565
chr5	179608114	179608614	744
chr2	106096614	106097114	506
chr12	8644825	8645325	1010
chr3	71729743	71730243	1198
chr11	45374608	45375108	578
chr18	54223083	54223583	1155
chr13	42355049	42355549	1043
chr4	152010720	152011220	846
chr19	909125	909625	2756
chr22	39662228	39662728	772
chr5	134105184	134105684	846
chr17	66331015	66331515	1355
chr11	95688809	95689309	962
chr17	40612931	40613431	1007
chr15	63479567	63480067	2551
chr7	149284270	149284770	874
chr1	160471164	160471664	396
chr3	141306933	141307433	1050
chr15	38685919	38686419	1252
chr1	63651079	63651579	752
chr7	111138192	111138692	842
chr2	239326815	239327315	782
chr16	74888158	74888658	361
chr1	154951918	154952418	889
chr13	99361139	99361639	1075
chr1	66357414	66357914	621
chr9	35661840	35662340	658
chr13	29080941	29081441	888
chr11	128379597	128380097	385
chr10	12594567	12595067	643
chr21	44654010	44654510	1436
chr8	8872274	8872774	769
chrX	135384142	135384642	677
chr8	125434036	125434536	946
chr15	60788491	60788991	316
chr9	127905648	127906148	662
chr5	80181557	80182057	920
chr5	66828501	66829001	863
chr7	77831607	77832107	367
chr11	4090180	4090680	1536
chr1	12210573	12211073	1318
chr17	76199417	76199917	1172
chr7	151351862	151352362	977
chr4	163895363	163895863	719
chr19	16070445	16070945	2882
chr16	30551689	30552189	1626
chr1	182615999	182616499	1676
chr15	74543553	74544053	404
chr18	13436557	13437057	527
chr16	47143766	47144266	1222
chrX	148310285	148310785	767
chr12	47832902	47833402	900
chr17	63610112	63610612	538
chr2	68908333	68908833	2279
chr8	28608262	28608762	659
chr20	36733136	36733636	684
chr1	116942302	116942802	397
chr7	148912957	148913457	582
chr6	16136749	16137249	564
chr1	202164680	202165180	1541
chr4	86544539	86545039	637
chr16	997718	998218	889
chr3	31230496	31230996	838
chr7	1926828	1927328	568
chr17	40326491	40326991	1119
chr10	60708616	60709116	723
chr19	43469026	43469526	630
chr19	1082021	1082521	1874
chr19	47182408	47182908	531
chr4	139313999	139314499	629
chr4	185165483	185165983	419
chr6	3370247	3370747	384
chr9	120892652	120893152	996
chr1	181159811	181160311	696
chr12	104485580	104486080	949
chr5	56328949	56329449	742
chr2	201252434	201252934	518
chr3	183428446	183428946	1536
chr5	35811568	35812068	328
chr19	41774630	41775130	658
chr10	89333950	89334450	1932
chr16	17364272	17364772	1586
chr11	35216913	35217413	725
chr2	98736552	98737052	429
chr7	36209116	36209616	923
chr14	97458561	97459061	1807
chr6	161079532	161080032	333
chr13	51645263	51645763	1098
chr20	64038477	64038977	963
chr17	75875957	75876457	1325
chr1	179831911	179832411	502
chr10	3875005	3875505	777
chr4	108433809	108434309	1065
chr4	15547335	15547835	606
chr8	70631271	70631771	638
chr6	144560105	144560605	1033
chr14	68781952	68782452	948
chr10	74589277	74589777	1672
chr13	23743185	23743685	457
chr16	75108917	75109417	749
chr2	197996583	197997083	337
chr22	42031135	42031635	228
chr6	37134598	37135098	811
chr9	31259854	31260354	755
chr2	86040891	86041391	910
chr8	94960486	94960986	843
chr13	41458805	41459305	685
chr16	27173977	27174477	1340
chr2	96359813	96360313	635
chr9	129073373	129073873	519
chr5	141693082	141693582	915
chr18	58819020	58819520	353
chr7	66860116	66860616	295
chr7	50321626	50322126	637
chr14	106174130	106174630	1291
chr8	128543475	128543975	1051
chr3	11770407	11770907	1750
chr3	15399898	15400398	379
chr17	33233743	33234243	432
chr1	115099270	115099770	2224
chr6	12110379	12110879	327
chr3	5019401	5019901	1111
chr15	28137328	28137828	432
chr1	21957098	21957598	791
chr6	109019863	109020363	565
chr4	1267641	1268141	1176
chr1	24502096	24502596	2166
chr3	15356612	15357112	415
chr14	102805581	102806081	742
chr5	35797108	35797608	815
chr19	12289191	12289691	931
chr2	39216802	39217302	1697
chr3	111610132	111610632	1063
chr1	100423843	100424343	883
chr1	206757822	206758322	1286
chr14	97994184	97994684	1264
chr9	35940448	35940948	526
chr14	68967987	68968487	1188
chr7	150478953	150479453	665
chr9	105127752	105128252	1660
chr1	160623101	160623601	726
chr16	67158250	67158750	853
chr2	38682655	38683155	566
chr19	23799240	23799740	689
chr5	58934302	58934802	477
chr12	96445650	96446150	1898
chr14	91872210	91872710	851
chr14	77011173	77011673	396
chr5	35130070	35130570	384
chr1	38996996	38997496	773
chr1	85201844	85202344	697
chr2	38626291	38626791	453
chr20	59146459	59146959	386
chr6	130513652	130514152	1714
chr20	44218397	44218897	754
chr19	872365	872865	786
chr7	100166284	100166784	645
chr12	53236369	53236869	821
chr16	82655322	82655822	1683
chr14	96126373	96126873	1255
chr20	59145796	59146296	651
chr6	16481635	16482135	1402
chr5	56480189	56480689	830
chr12	51048916	51049416	599
chr2	236969974	236970474	611
chrX	48939654	48940154	531
chr3	141530023	141530523	561
chr7	1925874	1926374	713
chr7	30250341	30250841	512
chr10	33028445	33028945	672
chr8	60929134	60929634	1236
chr3	47141084	47141584	346
chr15	66115620	66116120	504
chr6	143539733	143540233	493
chr4	6916536	6917036	705
chr5	168377470	168377970	605
chr1	223248697	223249197	651
chr11	118224767	118225267	1592
chr15	60397866	60398366	1798
chr16	3503484	3503984	1069
chr5	131902276	131902776	433
chr10	14583178	14583678	1972
chr14	98912598	98913098	707
chr5	157541701	157542201	677
chr8	103461440	103461940	374
chr3	33044630	33045130	885
chr12	46219729	46220229	1355
chr20	36946888	36947388	406
chr2	197954278	197954778	358
chr12	91871031	91871531	964
chr17	80649630	80650130	360
chr5	35856021	35856521	456
chr6	44977312	44977812	782
chr9	130038064	130038564	1136
chrX	39174664	39175164	454
chr8	2101854	2102354	932
chr1	154463581	154464081	1183
chr19	19605976	19606476	741
chr11	44597141	44597641	615
chr6	157860364	157860864	911
chr1	240576197	240576697	1224
chr15	73927508	73928008	1490
chr11	128302393	128302893	3000
chr7	157502688	157503188	1612
chr1	64877108	64877608	1357
chr5	32532237	32532737	620
chr15	82680268	82680768	1278
chr1	150563298	150563798	1683
chr11	3839665	3840165	368
chr12	67804090	67804590	699
chr12	108568738	108569238	1340
chr3	56593409	56593909	1543
chr10	8183102	8183602	950
chr11	128341235	128341735	1137
chr8	41515143	41515643	1098
chr1	6465929	6466429	988
chr3	47057194	47057694	1220
chr9	134391831	134392331	1222
chr4	152606764	152607264	394
chr17	7332621	7333121	394
chr6	53361513	53362013	1860
chr12	67515584	67516084	1442
chr22	20464127	20464627	1631
chr3	98039497	98039997	1157
chr10	9010048	9010548	730
chr2	147297763	147298263	984
chr7	98930837	98931337	940
chrX	16528575	16529075	456
chr9	97905152	97905652	900
chr4	122456193	122456693	506
chr11	126083918	126084418	739
chr12	3962559	3963059	1365
chr21	45590378	45590878	663
chr22	31970038	31970538	744
chr12	104497305	104497805	578
chr1	184840497	184840997	1689
chr3	120719425	120719925	1071
chr3	108806292	108806792	2121
chr11	102306758	102307258	1137
chr10	113961481	113961981	2190
chr1	100452551	100453051	859
chr12	19552664	19553164	250
chr3	52892600	52893100	906
chr12	89245053	89245553	1235
chr19	14506893	14507393	1679
chr2	9782112	9782612	1335
chr17	65537788	65538288	368
chr11	35040074	35040574	1077
chr5	157540781	157541281	947
chr8	80347838	80348338	1029
chr1	40862719	40863219	757
chr9	79581778	79582278	689
chr2	221571106	221571606	922
chr5	35816785	35817285	913
chr10	97851682	97852182	775
chr17	34840674	34841174	377
chr1	235297456	235297956	1434
chr6	13725569	13726069	688
chr13	73625902	73626402	854
chr5	143434521	143435021	966
chr8	2133763	2134263	1151
chr10	72107230	72107730	694
chr1	116345775	116346275	770
chr6	35332186	35332686	1359
chr11	61060901	61061401	718
chr6	135102841	135103341	767
chr15	63672761	63673261	358
chr19	47190072	47190572	805
chr5	157193612	157194112	1150
chr11	102361031	102361531	620
chr1	15833259	15833759	588
chr17	55238787	55239287	445
chr15	74893583	74894083	1089
chr9	109320852	109321352	518
chr11	122743885	122744385	1194
chr1	38977738	38978238	977
chr13	98567734	98568234	609
chr22	45172825	45173325	789
chr4	56436891	56437391	1018
chr10	74585257	74585757	871
chr13	30371811	30372311	2082
chr20	19968387	19968887	780
chr21	42403651	42404151	1412
chr5	110752175	110752675	394
chr6	105781902	105782402	493
chr3	157066976	157067476	1271
chr11	67884163	67884663	499
chr11	129860975	129861475	684
chr2	221572163	221572663	1977
chr11	134275347	134275847	563
chr14	77024016	77024516	632
chr8	19758460	19758960	490
chr2	29189028	29189528	635
chr20	25090670	25091170	2010
chr13	98517431	98517931	672
chr1	89607104	89607604	1586
chr17	82200709	82201209	1364
chr2	105765724	105766224	384
chr5	14413232	14413732	659
chr1	35499653	35500153	563
chr1	172845349	172845849	363
chr1	234730805	234731305	745
chr11	74005162	74005662	2122
chr5	142088298	142088798	484
chr2	106144513	106145013	407
chr1	101298622	101299122	381
chr3	33023111	33023611	354
chr17	1871847	1872347	526
chr6	134380231	134380731	232
chr1	204453042	204453542	1526
chr8	42141432	42141932	1324
chr10	133475221	133475721	804
chr15	88624308	88624808	949
chr2	24918999	24919499	711
chr2	110748429	110748929	698
chr8	19511043	19511543	1509
chr15	73924200	73924700	313
chr2	96737786	96738286	452
chr7	70788290	70788790	698
chr18	9090929	9091429	1127
chr2	95023111	95023611	1004
chr6	166951099	166951599	1635
chr1	44809475	44809975	2111
chr9	133701234	133701734	553
chr1	239501688	239502188	919
chr2	175005036	175005536	981
chr1	223363958	223364458	919
chr10	470171	470671	1167
chr11	61026273	61026773	1234
chr1	93855972	93856472	236
chr14	31944941	31945441	1137
chr15	59976496	59976996	1378
chr16	17396768	17397268	1165
chr16	67684779	67685279	420
chr18	70672584	70673084	892
chr2	1518270	1518770	776
chr2	109143761	109144261	767
chr3	32303256	32303756	836
chr3	43162769	43163269	980
chr6	3869904	3870404	313
chr6	73391681	73392181	211
chr6	106082663	106083163	302
chr6	166411632	166412132	612
chrX	57282498	57282998	266
chr1	226739205	226739705	2048
chr1	117661008	117661508	1370
chr17	48457196	48457696	711
chr11	118344046	118344546	1191
chr8	29806333	29806833	857
chr6	150004347	150004847	891
chr20	59166284	59166784	1344
chr4	36394515	36395015	1013
chr10	17409130	17409630	252
chr2	134181189	134181689	1326
chr7	150514588	150515088	1383
chr17	78343609	78344109	2092
chr1	206784337	206784837	845
chrX	39309595	39310095	418
chr4	76212822	76213322	875
chr2	230661585	230662085	938
chr7	36287339	36287839	797
chr17	55116573	55117073	402
chr11	6733567	6734067	899
chr5	134079690	134080190	470
chr17	78258501	78259001	916
chr6	27375042	27375542	627
chr9	3524546	3525046	1193
chr9	97918600	97919100	428
chr1	40389212	40389712	844
chr18	23970410	23970910	1426
chr1	184743037	184743537	1023
chr11	8018815	8019315	796
chr10	11150066	11150566	1403
chr1	222711239	222711739	662
chr7	130942059	130942559	893
chr8	65931598	65932098	743
chr7	2566882	2567382	374
chr5	109921704	109922204	1562
chr5	35858922	35859422	1287
chr17	65042155	65042655	555
chr2	148813646	148814146	598
chr10	132159258	132159758	546
chr22	20557489	20557989	2058
chr1	30743599	30744099	2048
chr21	42527628	42528128	1628
chr7	70778484	70778984	354
chr1	25796798	25797298	880
chr20	32534549	32535049	864
chr7	1033394	1033894	384
chr9	89456933	89457433	890
chr2	27965822	27966322	729
chr1	198934762	198935262	1707
chr14	91078338	91078838	1083
chr14	65847029	65847529	1840
chr10	6038070	6038570	1092
chr14	64501828	64502328	468
chr16	10329447	10329947	722
chr5	73387778	73388278	1436
chr12	12009158	12009658	920
chr9	89743923	89744423	458
chr5	132687956	132688456	794
chr6	167351297	167351797	1114
chr1	38559413	38559913	1498
chr5	149828345	149828845	223
chr9	131539474	131539974	448
chr11	11243716	11244216	514
chr11	102361672	102362172	455
chr3	17693293	17693793	512
chr7	156612865	156613365	1305
chr15	60573859	60574359	547
chr17	17181984	17182484	954
chr7	44630770	44631270	526
chr17	77376240	77376740	1094
chrX	13151819	13152319	729
chr2	10620380	10620880	569
chr9	31335815	31336315	675
chr13	49371886	49372386	671
chr17	50511041	50511541	484
chr18	13282359	13282859	515
chr13	40489938	40490438	384
chr20	53706582	53707082	424
chr6	118787964	118788464	623
chr7	143250814	143251314	730
chr7	5836153	5836653	570
chrX	124086345	124086845	759
chr16	79271989	79272489	1417
chr11	122696620	122697120	1233
chr8	125273055	125273555	568
chr7	36286169	36286669	1096
chr2	241772079	241772579	455
chr22	39937818	39938318	426
chr14	99257892	99258392	392
chr1	26201851	26202351	866
chr2	203707503	203708003	361
chr12	69330926	69331426	1404
chr5	143409842	143410342	433
chr15	60392527	60393027	430
chr2	7031618	7032118	595
chr3	112074900	112075400	887
chr17	74012363	74012863	551
chr8	100451944	100452444	1087
chr13	25017902	25018402	347
chr17	75435915	75436415	431
chr12	89398130	89398630	886
chr12	2063995	2064495	425
chr16	3074313	3074813	302
chr6	149480878	149481378	778
chr2	63977904	63978404	370
chr22	36289967	36290467	668
chr4	147731153	147731653	929
chr2	10044285	10044785	1688
chr21	44618838	44619338	927
chr19	22052185	22052685	1273
chr13	97227334	97227834	195
chr5	178483582	178484082	559
chr10	11150866	11151366	368
chr6	45586577	45587077	2405
chr14	77369220	77369720	368
chr9	97904648	97905148	813
chr18	13377425	13377925	274
chr6	167111511	167112011	351
chr3	66496796	66497296	369
chr7	23356679	23357179	236
chr15	60719869	60720369	453
chr11	12366181	12366681	1323
chr20	38833150	38833650	335
chr8	42280426	42280926	315
chr1	6358818	6359318	756
chr18	2889701	2890201	943
chr9	37531630	37532130	1033
chr10	123241253	123241753	1469
chr20	46365832	46366332	254
chrX	24081785	24082285	297
chr17	1707036	1707536	471
chr16	68287487	68287987	882
chr4	153153233	153153733	1008
chr3	100210669	100211169	287
chr2	105738663	105739163	1097
chr1	240611334	240611834	250
chr7	127856740	127857240	745
chr5	6359874	6360374	451
chrX	8987612	8988112	1070
chr14	55103134	55103634	1092
chr16	79598182	79598682	390
chr2	105927239	105927739	818
chr2	70085010	70085510	632
chr9	120890388	120890888	914
chr5	157603262	157603762	955
chr13	51832357	51832857	554
chr5	65719478	65719978	1037
chr5	76544248	76544748	609
chr10	62239973	62240473	242
chr14	101821454	101821954	1110
chr15	64901883	64902383	794
chr16	22357964	22358464	1444
chr17	6650843	6651343	675
chr17	80891291	80891791	679
chr20	58661225	58661725	703
chr3	32999020	32999520	372
chr10	43294257	43294757	744
chr12	68374221	68374721	857
chr12	123474927	123475427	446
chr7	140902632	140903132	265
chr10	80465817	80466317	1150
chr16	74438326	74438826	419
chr6	127918432	127918932	1025
chr5	912295	912795	853
chr15	70196610	70197110	363
chr5	127229588	127230088	758
chr15	52045693	52046193	1401
chr5	75077974	75078474	506
chr4	38856464	38856964	1171
chr7	44633759	44634259	1098
chr8	60796532	60797032	1081
chr15	38670475	38670975	2462
chr5	135325238	135325738	368
chr3	38453522	38454022	658
chr11	133945141	133945641	2173
chr7	37353475	37353975	1680
chr3	98555762	98556262	645
chr1	226690301	226690801	455
chr19	47176677	47177177	810
chr17	47706533	47707033	1111
chr9	133702422	133702922	1030
chr2	201964569	201965069	302
chr6	149148264	149148764	797
chr1	181149557	181150057	1405
chr19	660293	660793	1481
chr21	29295097	29295597	720
chr8	94947062	94947562	796
chr6	143541006	143541506	350
chr5	137695845	137696345	1028
chr7	31023843	31024343	466
chr9	135978982	135979482	1036
chr2	96962138	96962638	576
chr3	196563892	196564392	372
chr9	93028312	93028812	2016
chr9	35910865	35911365	896
chr7	100516154	100516654	1436
chr18	13273829	13274329	561
chr12	47426810	47427310	371
chr20	1660127	1660627	515
chr3	14879127	14879627	498
chr7	96285550	96286050	1587
chr2	162063835	162064335	387
chr2	241036363	241036863	809
chr17	67081981	67082481	659
chr16	75012329	75012829	256
chr14	99189086	99189586	630
chr15	85316303	85316803	676
chr6	167041158	167041658	750
chr19	7345167	7345667	669
chr1	223230398	223230898	335
chr13	99314791	99315291	1090
chr15	62122160	62122660	610
chr10	32459272	32459772	1146
chr10	5291637	5292137	1167
chr11	61076449	61076949	498
chr2	105856054	105856554	331
chr13	49569955	49570455	385
chr20	45884847	45885347	328
chr19	4153276	4153776	354
chr1	25775462	25775962	487
chr17	42706678	42707178	657
chr12	50188843	50189343	480
chr2	171163263	171163763	532
chr1	214632006	214632506	523
chr14	55374257	55374757	449
chr19	29837404	29837904	704
chrX	1570417	1570917	1035
chr15	52463502	52464002	241
chr20	5835892	5836392	772
chr15	59814348	59814848	607
chr9	5186376	5186876	366
chr14	73711679	73712179	220
chr5	175729742	175730242	479
chr12	3950823	3951323	645
chr12	31736361	31736861	731
chr6	137717349	137717849	977
chr3	111547635	111548135	1154
chr3	51670182	51670682	325
chr12	4807760	4808260	418
chr3	143855140	143855640	403
chr4	108355455	108355955	1011
chr2	106085300	106085800	760
chr6	149495715	149496215	376
chr12	8320097	8320597	949
chr21	31159123	31159623	613
chr3	33063549	33064049	455
chr1	89029076	89029576	499
chr6	26475054	26475554	603
chr12	124992767	124993267	831
chr8	70616749	70617249	442
chr17	74852336	74852836	585
chr3	108092981	108093481	421
chr2	201253128	201253628	606
chr12	123931609	123932109	473
chrX	111095892	111096392	393
chr6	119077746	119078246	647
chr7	140376244	140376744	720
chr3	195609261	195609761	935
chr16	48611711	48612211	1256
chr11	3905025	3905525	927
chr17	75872669	75873169	1199
chr2	38697437	38697937	718
chr7	150974503	150975003	1741
chr3	50316245	50316745	352
chr14	22870894	22871394	1381
chr17	64082075	64082575	1454
chr19	2257912	2258412	1012
chr2	88697213	88697713	196
chr7	36378512	36379012	327
chr9	114681470	114681970	533
chr7	17022917	17023417	346
chr14	50095862	50096362	736
chr4	40204028	40204528	181
chr11	3544840	3545340	387
chr10	24897265	24897765	224
chr6	13681530	13682030	821
chr14	77119811	77120311	361
chr14	93978132	93978632	1146
chr21	36289079	36289579	1244
chr21	42238495	42238995	1019
chr3	131486476	131486976	381
chr3	187974894	187975394	930
chr17	55264659	55265159	1243
chr17	35142073	35142573	1523
chr13	99367984	99368484	278
chr3	8501534	8502034	1041
chr3	10263795	10264295	687
chr3	31213758	31214258	1467
chr16	28168950	28169450	1171
chr2	112181536	112182036	881
chr2	189580608	189581108	920
chr5	67206936	67207436	1896
chr9	89437188	89437688	1402
chr8	27405380	27405880	1404
chr13	40494916	40495416	788
chr1	239719573	239720073	1340
chr5	113020769	113021269	413
chr17	1870566	1871066	793
chr1	36366989	36367489	508
chr16	89785474	89785974	553
