chr9	101570054	101570554	2346
chr3	7876768	7877268	2163
chr5	75059806	75060306	1866
chr8	19497038	19497538	3781
chr9	4596520	4597020	2558
chr5	109921704	109922204	3153
chr2	172496079	172496579	2503
chr17	82126685	82127185	4249
chr5	134086941	134087441	2229
chr2	95074550	95075050	2601
chr5	142104481	142104981	2064
chr6	42045668	42046168	3466
chr17	66331015	66331515	2162
chr4	108036213	108036713	1808
chr11	123681015	123681515	1750
chr12	55929288	55929788	3129
chr2	203740934	203741434	2261
chr7	158812646	158813146	2023
chr17	75036609	75037109	3050
chr2	95076617	95077117	2391
chr14	68967987	68968487	2007
chr2	109031704	109032204	3437
chr13	73984913	73985413	1915
chr18	70672584	70673084	1820
chr5	77155390	77155890	1470
chr7	134865168	134865668	1434
chr3	71372877	71373377	1818
chr6	111087143	111087643	2226
chr22	24038127	24038627	1058
chr13	40187201	40187701	3308
chr14	95463254	95463754	1699
chr10	62183370	62183870	3038
chr2	113876720	113877220	2571
chr1	181396013	181396513	1954
chr17	76752924	76753424	1633
chr3	58082041	58082541	1110
chr11	129853805	129854305	2110
chr14	106228438	106228938	1322
chr21	31558952	31559452	2928
chr3	32371377	32371877	1776
chr8	99862493	99862993	1190
chr13	40485538	40486038	2945
chr14	99262416	99262916	2992
chr2	2646569	2647069	1242
chr17	40602749	40603249	2299
chr19	14506893	14507393	1872
chr1	25774833	25775333	3265
chr17	19772061	19772561	1740
chr5	56058790	56059290	1592
chr17	56602541	56603041	1172
chr19	49555825	49556325	1678
chr11	13868920	13869420	2421
chr16	17364272	17364772	1673
chr6	156396272	156396772	1382
chr9	31259854	31260354	1615
chr14	91869868	91870368	1884
chr6	90266795	90267295	1308
chr20	44070264	44070764	1970
chr2	96962874	96963374	2243
chr13	20475791	20476291	2523
chr4	152100537	152101037	3258
chr10	88064974	88065474	2057
chr9	33415385	33415885	2933
chr2	204967528	204968028	1842
chr11	60986077	60986577	3908
chr12	68175728	68176228	1968
chr3	112072332	112072832	1984
chr2	112188005	112188505	1307
chr10	123241253	123241753	1747
chr8	20493265	20493765	2543
chr17	64348037	64348537	2161
chr11	88843719	88844219	1677
chr4	37780718	37781218	1332
chr2	191193898	191194398	1372
chr2	30257621	30258121	1390
chr11	61042156	61042656	2955
chr15	88904583	88905083	3579
chr3	187027417	187027917	2401
chr5	80152700	80153200	1328
chr12	12482037	12482537	1971
chr4	82213425	82213925	1125
chr14	98189432	98189932	2466
chr15	100596783	100597283	2486
chr3	189324678	189325178	2185
chr19	40803814	40804314	2165
chr10	97781803	97782303	1170
chr11	46331120	46331620	1641
chr6	11728253	11728753	1096
chr10	47312033	47312533	1007
chr1	85200849	85201349	2886
chr9	20314882	20315382	1529
chr16	57433947	57434447	1135
chr1	59814432	59814932	3459
chr17	78252225	78252725	2788
chr1	19074393	19074893	2253
chr11	6413612	6414112	1545
chr15	38685919	38686419	1641
chr12	52610268	52610768	1768
chr12	15546374	15546874	1405
chr12	92398536	92399036	2361
chr2	239369573	239370073	1961
chr21	36603187	36603687	784
chr1	9728555	9729055	1880
chr18	26215533	26216033	2128
chr14	98223740	98224240	2191
chr14	98444025	98444525	1777
chr10	47311518	47312018	1519
chr8	17697380	17697880	1901
chr3	67737824	67738324	991
chr3	13866540	13867040	1887
chr12	103901758	103902258	1713
chr2	203719989	203720489	1674
chr8	127196793	127197293	2203
chr6	96924389	96924889	3895
chr2	10329890	10330390	1230
chr10	7193015	7193515	1518
chr4	69760486	69760986	2101
chr4	108355455	108355955	1690
chr5	35854244	35854744	3328
chr4	40124573	40125073	1748
chr8	78445062	78445562	1370
chr4	80492744	80493244	1864
chr1	116345775	116346275	1052
chr1	197391310	197391810	1132
chr1	186303871	186304371	1429
chr5	133170653	133171153	1888
chr15	28890720	28891220	1259
chr3	45497952	45498452	981
chr16	29827079	29827579	1386
chr1	93029198	93029698	1363
chr1	223363958	223364458	1393
chr14	67464319	67464819	1064
chr20	53001036	53001536	1462
chr1	1099077	1099577	1168
chr4	108359267	108359767	768
chr3	118955820	118956320	1138
chr22	31278920	31279420	2362
chr3	42502294	42502794	2437
chr11	6402588	6403088	2453
chr2	172463046	172463546	2089
chr6	142395662	142396162	1181
chr10	80187415	80187915	2982
chr4	102598353	102598853	1585
chr4	108171434	108171934	1758
chr9	4667640	4668140	1457
chr7	151768974	151769474	1459
chr14	68506744	68507244	1587
chr17	18955525	18956025	1049
chr2	148524383	148524883	1937
chr14	97977865	97978365	1484
chr3	102114214	102114714	1193
chr12	124608983	124609483	1734
chr7	55469216	55469716	1471
chr3	128316359	128316859	1484
chr17	21419636	21420136	1395
chr4	102630625	102631125	1840
chr13	75326554	75327054	1977
chr11	3014488	3014988	2253
chr3	194396167	194396667	1039
chr7	138903347	138903847	1470
chr13	32791646	32792146	1014
chr11	62640657	62641157	1460
chr8	22642867	22643367	1374
chr7	50351250	50351750	1134
chr14	68970248	68970748	1533
chr1	203324025	203324525	2199
chr7	134710996	134711496	1501
chr20	53001661	53002161	1207
chr1	234408650	234409150	1218
chr13	109779051	109779551	1377
chr10	14571772	14572272	2404
chr6	36108996	36109496	1983
chr10	5775628	5776128	1351
chr4	108433809	108434309	1152
chr7	1055067	1055567	908
chr5	77379626	77380126	916
chr10	9096200	9096700	1304
chr1	222420549	222421049	1410
chr6	11710125	11710625	879
chr3	171494395	171494895	1194
chr8	143461836	143462336	2012
chr5	81006930	81007430	1593
chr2	7567594	7568094	1676
chr11	74232306	74232806	1124
chr15	88627423	88627923	1947
chr7	151429755	151430255	2344
chr5	56148522	56149022	1299
chr13	42355049	42355549	1426
chr3	18438484	18438984	1452
chr15	99421019	99421519	1044
chr19	40970232	40970732	1580
chr5	35856627	35857127	1814
chr12	92378976	92379476	889
chr6	11714505	11715005	1117
chr2	171081555	171082055	673
chr6	35601736	35602236	2988
chr1	186288722	186289222	829
chr2	177309879	177310379	944
chr3	129481832	129482332	1249
chr12	64674506	64675006	2355
chr16	28168950	28169450	1523
chr9	133702422	133702922	1309
chr3	42388267	42388767	1000
chr7	138752565	138753065	3487
chr1	62271952	62272452	1514
chr11	66317772	66318272	1640
chr9	125195017	125195517	1361
chr5	137695845	137696345	1172
chr12	31736361	31736861	1133
chr6	118719415	118719915	784
chr12	107320993	107321493	1379
chr21	14215839	14216339	1468
chr19	19817307	19817807	1257
chr2	7059217	7059717	996
chr14	96126373	96126873	1413
chr19	34997049	34997549	1044
chr6	157860364	157860864	1309
chr19	45562611	45563111	987
chr7	157502688	157503188	1629
chr11	95688809	95689309	1512
chr22	28822807	28823307	1361
chr18	79516526	79517026	799
chr12	93447498	93447998	1035
chr12	21676691	21677191	1122
chr19	16368928	16369428	2614
chr2	95025756	95026256	1196
chr1	24486188	24486688	832
chr8	23243350	23243850	2204
chr4	108113271	108113771	2068
chr3	71489157	71489657	1255
chr13	98994791	98995291	1033
chr22	19597350	19597850	1726
chr4	142703871	142704371	1299
chr7	50360418	50360918	2464
chr12	66709036	66709536	861
chr3	194397233	194397733	859
chr7	132771105	132771605	1105
chr20	5714418	5714918	2626
chr3	125002371	125002871	668
chr22	37218863	37219363	2604
chr8	144685705	144686205	2184
chr3	143751539	143752039	1308
chr4	108080646	108081146	981
chr6	131281435	131281935	2131
chr2	136051609	136052109	960
chr4	113901915	113902415	1400
chr2	109348877	109349377	1835
chr10	26682830	26683330	1429
chr13	99416672	99417172	842
chr5	80153480	80153980	872
chr12	123474927	123475427	930
chr6	131443574	131444074	901
chr6	3455018	3455518	818
chr20	33853409	33853909	807
chr5	135325238	135325738	751
chr21	31132849	31133349	1710
chr1	213670197	213670697	1149
chr8	143516349	143516849	1421
chr7	98251152	98251652	2232
chr20	32972121	32972621	2044
chr4	38328917	38329417	1131
chr10	47206624	47207124	1012
chr12	95548609	95549109	1213
chr17	76191868	76192368	2125
chr1	23619510	23620010	2503
chr1	205275098	205275598	989
chr16	27195907	27196407	1693
chr12	69329839	69330339	1852
chr2	160652192	160652692	1185
chrX	120697019	120697519	1006
chr7	106022041	106022541	1844
chr10	104935589	104936089	1143
chr8	67400877	67401377	1006
chr9	76023847	76024347	1348
chr16	89548972	89549472	638
chr3	13880499	13880999	1093
chr4	113899509	113900009	1367
chr5	134090463	134090963	1567
chr1	24502096	24502596	2195
chr2	162011634	162012134	1628
chr18	74373397	74373897	2114
chr3	113005646	113006146	1062
chr10	33248538	33249038	1000
chr16	29012915	29013415	1341
chr18	31162991	31163491	1061
chr9	120846454	120846954	1829
chr22	19891476	19891976	1725
chr2	148528227	148528727	866
chr9	96014119	96014619	1080
chr21	31182076	31182576	1047
chr6	90274334	90274834	3068
chr2	100653603	100654103	757
chr17	14404393	14404893	743
chr20	13221541	13222041	1003
chr15	59803611	59804111	1827
chr2	112996589	112997089	1531
chr14	106268269	106268769	1677
chr19	3275828	3276328	2791
chr2	105753996	105754496	1452
chr15	63860090	63860590	1539
chr2	70440585	70441085	882
chr19	909125	909625	2422
chr19	6767278	6767778	3365
chr21	26170598	26171098	1789
chr4	54942681	54943181	1312
chr10	28594363	28594863	527
chr3	179037338	179037838	1082
chr13	20476319	20476819	1177
chr8	128543475	128543975	1084
chr8	81097287	81097787	1581
chr9	89467196	89467696	924
chr6	36540239	36540739	1103
chr6	111088262	111088762	1018
chr9	127970322	127970822	1255
chr1	64877108	64877608	1407
chr2	43636955	43637455	1504
chr13	113634238	113634738	785
chr7	111013262	111013762	992
chr2	119695070	119695570	658
chr11	11149532	11150032	1487
chr21	45643175	45643675	3043
chr18	58687834	58688334	2017
chr6	121651348	121651848	714
chr17	67398660	67399160	1145
chr2	197869550	197870050	1503
chr16	57266485	57266985	1199
chr3	31213758	31214258	1235
chr6	111096202	111096702	969
chr12	4506797	4507297	1578
chr12	12466081	12466581	1870
chr4	112309125	112309625	733
chr13	26051790	26052290	489
chr12	119988669	119989169	4545
chr6	157885135	157885635	1299
chr1	85201844	85202344	1439
chr3	72657608	72658108	1018
chr17	59360414	59360914	717
chr12	123120679	123121179	986
chr2	204971172	204971672	957
chr1	183218919	183219419	1012
chr5	126508845	126509345	1051
chr11	119306536	119307036	1028
chr1	116987143	116987643	1402
chr15	60580536	60581036	1647
chr15	98651780	98652280	724
chr19	1030494	1030994	1748
chr10	113007224	113007724	787
chr7	22675867	22676367	1001
chrX	133749372	133749872	802
chr6	111989752	111990252	1188
chr8	60792760	60793260	2032
chr11	67416882	67417382	2181
chr9	128092964	128093464	729
chr5	98773300	98773800	2259
chr5	56100403	56100903	615
chr11	12366181	12366681	1333
chr2	105927239	105927739	914
chr6	131530909	131531409	723
chr8	2145229	2145729	1521
chr14	98229637	98230137	623
chr1	206803123	206803623	3177
chr2	95023111	95023611	1310
chr3	10603363	10603863	1351
chr2	170651646	170652146	1127
chr9	133656400	133656900	500
chr17	40565252	40565752	1389
chr19	35248454	35248954	1859
chr3	129118785	129119285	1517
chr5	16617437	16617937	1123
chr1	98871432	98871932	2734
chr17	75689407	75689907	1035
chr6	444867	445367	908
chr2	26809863	26810363	666
chr20	13247493	13247993	1164
chr17	40605351	40605851	1099
chr6	45310440	45310940	865
chr4	153114702	153115202	1461
chr16	53373215	53373715	903
chr1	172764387	172764887	1253
chr5	178483582	178484082	975
chr17	331001	331501	890
chr21	31354483	31354983	1334
chr4	108072153	108072653	1279
chr21	34129067	34129567	1123
chr22	37122118	37122618	2740
chr13	48186212	48186712	1510
chr4	48138846	48139346	1312
chr1	100927262	100927762	2038
chr8	99884901	99885401	708
chrX	21373944	21374444	991
chr12	94007729	94008229	1007
chr3	102078789	102079289	805
chr18	48456128	48456628	480
chr20	43964251	43964751	1366
chr8	27405380	27405880	1593
chr11	35216913	35217413	919
chr2	171086735	171087235	656
chr12	121801760	121802260	2110
chr11	102361031	102361531	1075
chr16	53545355	53545855	693
chr19	12495174	12495674	1969
chr1	151904957	151905457	1011
chr6	111973080	111973580	1963
chr8	27491446	27491946	962
chr19	46634021	46634521	2364
chr6	142944281	142944781	2420
chr8	60929134	60929634	1716
chr6	25366926	25367426	998
chr2	205076990	205077490	1229
chr8	37275514	37276014	664
chr9	20209480	20209980	868
chr17	65556325	65556825	1093
chr5	52725314	52725814	2321
chr7	157626358	157626858	999
chr7	111083373	111083873	1788
chr20	53388197	53388697	763
chr13	45847527	45848027	1201
chr16	27235341	27235841	2483
chr13	49371886	49372386	874
chr12	130868458	130868958	1121
chr9	133676975	133677475	1679
chr12	6786606	6787106	973
chr5	16616833	16617333	2116
chr17	16584119	16584619	1981
chr8	119638722	119639222	2588
chr3	128295167	128295667	785
chr7	157471639	157472139	1505
chr5	56050918	56051418	614
chr1	206923012	206923512	2668
chr17	17181984	17182484	1348
chr8	89243490	89243990	1048
chr12	94033084	94033584	544
chr18	70672080	70672580	461
chr5	35830546	35831046	1959
chr9	133509083	133509583	762
chr16	49463547	49464047	1169
chr18	13313242	13313742	643
chr2	6913666	6914166	908
chr20	26208767	26209267	1004
chr8	120472273	120472773	756
chr2	42652081	42652581	653
chr20	41428252	41428752	780
chr16	68272710	68273210	1089
chr2	197847639	197848139	776
chr12	66288054	66288554	1649
chr1	77309178	77309678	552
chr4	40433372	40433872	806
chr8	127735106	127735606	2541
chr9	89743397	89743897	1575
chr8	133499707	133500207	2280
chr2	108987099	108987599	923
chr1	213852069	213852569	1194
chr1	84862715	84863215	1296
chr5	81538197	81538697	860
chr2	101570722	101571222	1249
chr11	65553283	65553783	1436
chr13	75762452	75762952	1113
chr1	241677098	241677598	1245
chr5	134103235	134103735	905
chr4	185471083	185471583	1946
chr17	56599080	56599580	672
chr18	74631476	74631976	1112
chr17	30323233	30323733	1412
chr22	37207929	37208429	718
chr11	4090180	4090680	1322
chr5	55978082	55978582	771
chr14	70661357	70661857	1198
chr16	3503484	3503984	1303
chr10	69507750	69508250	1511
chr3	128448398	128448898	709
chr5	35822470	35822970	1632
chr1	154441175	154441675	580
chr8	100809486	100809986	2860
chr12	108568738	108569238	1792
chr11	96105503	96106003	592
chr12	15562170	15562670	550
chr11	111379158	111379658	1382
chr9	7626632	7627132	981
chr7	5834257	5834757	1216
chr19	47186714	47187214	1582
chr8	22047440	22047940	693
chr12	132908418	132908918	3542
chr1	185281200	185281700	1666
chr19	29831106	29831606	1800
chr7	86978717	86979217	1442
chr5	65719478	65719978	1052
chr16	1855292	1855792	868
chr2	64200054	64200554	663
chr11	129814489	129814989	1280
chrX	57286363	57286863	733
chr22	24427681	24428181	1721
chr17	56593351	56593851	779
chr19	49568065	49568565	2535
chr5	111224066	111224566	2202
chr3	71493380	71493880	1975
chr1	6460290	6460790	1948
chr8	18957484	18957984	782
chr8	106760001	106760501	662
chr3	52983479	52983979	1817
chr5	131548123	131548623	1085
chr9	97904648	97905148	924
chr6	128520415	128520915	1268
chr14	98173224	98173724	1182
chr8	19496516	19497016	548
chr7	150484109	150484609	824
chr11	126062777	126063277	2923
chr9	77909267	77909767	1169
chr8	89241325	89241825	900
chr17	76753459	76753959	571
chr17	20234180	20234680	1022
chr4	148052440	148052940	1419
chr6	134247127	134247627	2186
chr10	6173170	6173670	1470
chr1	38559413	38559913	1806
chr1	92964898	92965398	1099
chr3	72346478	72346978	553
chr7	108463559	108464059	572
chr12	11555811	11556311	687
chr11	108593519	108594019	1962
chr3	119034735	119035235	790
chr13	41286435	41286935	575
chr2	108989025	108989525	822
chr2	171210764	171211264	976
chr21	31397887	31398387	1149
chr1	225897829	225898329	1299
chr14	32202043	32202543	633
chr2	168450127	168450627	776
chr10	32459272	32459772	1295
chr8	143966185	143966685	1255
chr21	45470861	45471361	642
chr9	105127752	105128252	1615
chr22	40728670	40729170	1382
chr13	111384690	111385190	576
chr3	52720986	52721486	629
chr6	169959083	169959583	795
chr6	90218580	90219080	804
chr12	131536277	131536777	1049
chr16	89122475	89122975	1191
chr5	39186967	39187467	1370
chr14	91873351	91873851	2186
chr7	134669722	134670222	1250
chr21	46633544	46634044	814
chr6	142900638	142901138	875
chr14	58598360	58598860	578
chr22	40116729	40117229	1668
chr13	73702655	73703155	1167
chr14	61337757	61338257	2172
chr5	96924012	96924512	718
chr16	48318628	48319128	1009
chr18	76721187	76721687	1465
chr15	88897210	88897710	781
chr10	96299366	96299866	708
chr11	61021614	61022114	1806
chr2	203741521	203742021	713
chr20	13230963	13231463	1267
chr1	167761994	167762494	666
chr5	157193612	157194112	1224
chr14	38065044	38065544	1811
chr1	116346958	116347458	724
chr7	129095127	129095627	949
chr1	61782632	61783132	1350
chr13	51825094	51825594	2076
chr5	54440476	54440976	571
chr14	92004959	92005459	598
chr10	9010048	9010548	1107
chr8	70631271	70631771	1366
chr3	141255889	141256389	645
chr2	172427267	172427767	1691
chr4	108166873	108167373	1075
chr8	78516044	78516544	1728
chr9	129866593	129867093	1050
chr16	85448508	85449008	1080
chr3	72738676	72739176	1108
chr6	5667739	5668239	1127
chr11	118919626	118920126	1101
chr8	120706442	120706942	1005
chr3	31815713	31816213	824
chr3	15347331	15347831	782
chrX	78517117	78517617	1187
chr1	36108962	36109462	870
chr1	109113770	109114270	1713
chr21	42062486	42062986	3503
chr11	14554837	14555337	1476
chr5	75051067	75051567	521
chr12	106303150	106303650	2935
chr14	63650268	63650768	2118
chr21	29295097	29295597	1047
chr17	21419118	21419618	866
chr9	99135450	99135950	782
chr13	40494916	40495416	988
chr9	15310410	15310910	1090
chr6	29708695	29709195	3811
chr1	206757822	206758322	1555
chr12	21657639	21658139	2601
chr2	100644087	100644587	1614
chr10	80467938	80468438	1395
chr13	25973434	25973934	400
chr3	141300360	141300860	369
chr7	6991044	6991544	889
chr1	194056160	194056660	985
chr1	232923917	232924417	1744
chr10	14583178	14583678	1991
chr15	82680268	82680768	1724
chrX	133745363	133745863	727
chr4	108166058	108166558	858
chr2	1509134	1509634	1406
chr3	71486805	71487305	634
chr18	9090929	9091429	1036
chr2	84694187	84694687	1019
chr2	23532603	23533103	809
chr17	76179795	76180295	1115
chr2	160482642	160483142	1546
chr9	89456933	89457433	1125
chr1	8926626	8927126	618
chr1	235207139	235207639	740
chr3	30657792	30658292	1523
chr16	22357964	22358464	1667
chr8	2000930	2001430	803
chr9	129235835	129236335	1535
chr1	40381430	40381930	1456
chr1	207470852	207471352	521
chr10	89333950	89334450	2047
chrX	51396297	51396797	915
chr5	157303643	157304143	955
chr3	45870002	45870502	2090
chr1	160629228	160629728	1234
chr3	67948041	67948541	1817
chr13	74231075	74231575	1435
chr15	92813368	92813868	1172
chr3	32303256	32303756	940
chr11	58727109	58727609	1083
chr21	15005440	15005940	688
chr5	170261967	170262467	1309
chr12	132866914	132867414	656
chr16	68281593	68282093	578
chr4	142696694	142697194	568
chr8	119982113	119982613	1008
chr9	127970853	127971353	1556
chr3	112071829	112072329	540
chr17	66399323	66399823	877
chr4	88940446	88940946	649
chr20	36988370	36988870	619
chr5	157327739	157328239	586
chr11	6404341	6404841	806
chr2	239298325	239298825	1463
chr9	95887864	95888364	545
chr2	96146546	96147046	1136
chr18	70658921	70659421	1100
chr5	62299555	62300055	661
chr5	75053019	75053519	849
chr6	149128347	149128847	756
chr12	111993494	111993994	1205
chr6	130513652	130514152	1784
chr10	24622074	24622574	1147
chr19	1082021	1082521	1778
chr10	31318832	31319332	2202
chr1	211228946	211229446	1183
chr5	16629376	16629876	1666
chr15	84142770	84143270	554
chr8	29555274	29555774	1642
chr12	92011006	92011506	385
chr20	26340412	26340912	492
chr9	35910865	35911365	763
chr20	26252505	26253005	701
chr7	157851619	157852119	1607
chr1	172431822	172432322	746
chr1	25697712	25698212	527
chr3	18444565	18445065	1211
chr5	119238761	119239261	311
chr8	116120467	116120967	635
chr19	18014194	18014694	1084
chr1	153649402	153649902	772
chr12	92041709	92042209	777
chr10	15371062	15371562	637
chr19	4328307	4328807	3166
chr5	128196719	128197219	611
chrX	49273329	49273829	1074
chr2	176826313	176826813	878
chr13	40187856	40188356	1257
chr20	44069236	44069736	1403
chr20	43722055	43722555	1151
chr3	32460099	32460599	2117
chr11	73034295	73034795	810
chr6	5665157	5665657	1004
chr4	108030286	108030786	917
chr16	22189889	22190389	2782
chr10	71933595	71934095	693
chr13	112968924	112969424	1242
chr10	85612324	85612824	1173
chr4	108168686	108169186	1123
chr15	98648157	98648657	2603
chr7	134995221	134995721	522
chr2	59887973	59888473	1136
chr1	178726172	178726672	902
chr12	96377871	96378371	1355
chr9	133709270	133709770	761
chr5	56012551	56013051	978
chr11	108226453	108226953	449
chr4	82136367	82136867	856
chr5	180689318	180689818	1025
chr3	68057599	68058099	2037
chr4	151408754	151409254	1140
chr4	69661075	69661575	651
chr17	39016714	39017214	882
chr21	35503526	35504026	722
chr1	8927160	8927660	596
chr12	728760	729260	689
chr5	168291364	168291864	838
chr15	44195091	44195591	1552
chr2	70656618	70657118	575
chr5	35797108	35797608	1193
chr2	147663383	147663883	1130
chr6	127792536	127793036	650
chr7	155739114	155739614	503
chr10	73921918	73922418	746
chr1	154784917	154785417	1193
chr9	79544256	79544756	581
chr8	81250023	81250523	490
chr10	23363411	23363911	1003
chr2	233267828	233268328	2831
chr7	142483275	142483775	481
chr17	19870102	19870602	472
chr4	109649133	109649633	458
chr3	111547635	111548135	1626
chr9	20620709	20621209	1167
chr12	52155376	52155876	698
chr12	132185724	132186224	1140
chr8	124190895	124191395	830
chr5	131974907	131975407	1001
chr17	80790036	80790536	701
chr2	204243017	204243517	446
chr22	39951532	39952032	1038
chr3	187020293	187020793	782
chr4	38856464	38856964	2106
chr6	11713876	11714376	325
chr6	79666546	79667046	431
chr12	3962559	3963059	1544
chr15	87736753	87737253	624
chr6	35332186	35332686	1438
chr7	150603553	150604053	709
chrX	17737840	17738340	766
chr22	40009792	40010292	678
chr12	3947711	3948211	891
chr19	46522894	46523394	816
chr4	108172429	108172929	539
chr1	160795796	160796296	3066
chr12	52585922	52586422	1080
chr15	78507295	78507795	1114
chr9	120916026	120916526	703
chr7	37363527	37364027	338
chr13	41356680	41357180	915
chr6	12138354	12138854	891
chr4	148445117	148445617	1866
chr2	237441462	237441962	644
chr11	66371568	66372068	1594
chr20	36930578	36931078	1967
chrX	134186719	134187219	610
chr9	128007705	128008205	2151
chr17	336022	336522	518
chr2	217610493	217610993	782
chr22	30296327	30296827	578
chr11	126083918	126084418	931
chr10	6542954	6543454	1672
chr10	21764749	21765249	585
chr2	105934993	105935493	1036
chr12	21527660	21528160	840
chr5	134124412	134124912	674
chr11	122696620	122697120	1331
chr9	123322602	123323102	1244
chr17	73591734	73592234	845
chr18	63157587	63158087	846
chr15	67758542	67759042	894
chr2	236967992	236968492	898
chr12	44847861	44848361	1874
chr8	127169853	127170353	1218
chr13	75803019	75803519	920
chr4	38509483	38509983	1519
chr22	46739017	46739517	863
chr4	108140260	108140760	607
chr7	149865461	149865961	1075
chr17	64106536	64107036	1314
chr3	143752119	143752619	651
chr22	40324434	40324934	1565
chr22	39662228	39662728	1133
chr2	29189028	29189528	918
chr1	38977738	38978238	995
chr20	21548263	21548763	1171
chr1	109502482	109502982	1840
chr19	34270026	34270526	1958
chr12	92030547	92031047	2460
chr11	69558550	69559050	715
chr17	77610157	77610657	1164
chr2	43136827	43137327	2775
chr16	71881091	71881591	1119
chr20	63639111	63639611	2341
chr17	20270946	20271446	467
chr12	12622435	12622935	1159
chr1	200530475	200530975	1390
chr4	122578388	122578888	1601
chr7	132771628	132772128	548
chr7	25620152	25620652	593
chr11	67103735	67104235	671
chrX	66728936	66729436	632
chr2	84846070	84846570	2370
chr20	32407308	32407808	1080
chr15	38651190	38651690	1374
chr5	75053660	75054160	1182
chr4	153249053	153249553	1503
chr2	202642895	202643395	1204
chr3	189355793	189356293	1066
chr4	140150137	140150637	909
chrX	108018564	108019064	1195
chr15	25859776	25860276	1008
chr19	5949836	5950336	659
chr2	189580608	189581108	1242
chr3	72756894	72757394	1799
chr18	74082420	74082920	1052
chr5	142223534	142224034	1618
chr13	75760103	75760603	770
chr14	68945131	68945631	349
chr5	80191905	80192405	1095
chr11	67484117	67484617	2056
chr22	39937818	39938318	679
chr7	100166284	100166784	848
chr13	99051688	99052188	836
chr11	121459437	121459937	1087
chr20	53706582	53707082	834
chr21	42403651	42404151	1512
chr11	35343116	35343616	700
chr5	39186199	39186699	584
chr5	62256344	62256844	962
chr12	122393785	122394285	627
chr1	48776794	48777294	779
chr9	120903968	120904468	1698
chr8	19445217	19445717	619
chr3	15320320	15320820	870
chr8	22551012	22551512	1381
chr2	215681145	215681645	1292
chr4	102586635	102587135	596
chr6	159862050	159862550	607
chr15	98600351	98600851	786
chr6	90219099	90219599	405
chr20	52972148	52972648	864
chr14	31944323	31944823	632
chr15	90539676	90540176	1016
chr6	70651253	70651753	557
chrX	8987612	8988112	1135
chr19	16216950	16217450	993
chr20	5737238	5737738	1395
chr2	171248214	171248714	1257
chr7	1925874	1926374	811
chr1	154265516	154266016	1060
chr11	13938774	13939274	438
chr16	49441272	49441772	982
chr13	73625902	73626402	950
chr19	51676520	51677020	594
chr7	111024933	111025433	1245
chr20	3093754	3094254	972
chr2	162073999	162074499	844
chr16	66603756	66604256	1816
chr1	116151099	116151599	642
chr19	38656574	38657074	997
chr3	32238398	32238898	1243
chr12	92055812	92056312	1077
chr10	118698416	118698916	1758
chr2	86552933	86553433	914
chr13	39892759	39893259	444
chr10	72134721	72135221	516
chr5	79736391	79736891	622
chr9	4298454	4298954	431
chrX	148333922	148334422	749
chr17	73591221	73591721	1611
chr1	89657851	89658351	1199
chr5	31867190	31867690	556
chr1	179831911	179832411	973
chr2	98728031	98728531	579
chr8	127386917	127387417	1415
chr14	32203294	32203794	1818
chr17	76151785	76152285	1057
chr4	152010720	152011220	770
chr4	48133993	48134493	1029
chr15	99444068	99444568	905
chr10	13351536	13352036	760
chr6	31582262	31582762	1438
chr16	87489972	87490472	644
chr21	24290128	24290628	493
chr3	128923096	128923596	1048
chr21	43922060	43922560	662
chr12	6444654	6445154	1253
chr21	31559708	31560208	472
chr10	110834807	110835307	595
chr5	6359874	6360374	623
chr13	40206499	40206999	1769
chr17	80743086	80743586	847
chr17	40582250	40582750	1830
chr1	3531294	3531794	1986
chr7	37408819	37409319	438
chr5	126449609	126450109	1088
chr8	8338409	8338909	486
chr5	50415835	50416335	966
chr3	184556549	184557049	689
chr8	130064097	130064597	924
chr7	157621999	157622499	491
chr13	40186581	40187081	387
chr17	76199417	76199917	1244
chr2	166802418	166802918	457
chr21	33931421	33931921	883
chr1	234768623	234769123	635
chr21	29436174	29436674	714
chr15	44560872	44561372	463
chr8	80499381	80499881	775
chr2	203706350	203706850	1794
chr10	110783431	110783931	989
chr9	120890388	120890888	1150
chr9	105405419	105405919	1425
chr17	1871847	1872347	666
chrX	136674610	136675110	1114
chr2	54574820	54575320	948
chr11	61083474	61083974	1202
chr3	170027507	170028007	678
chr7	45110685	45111185	1095
chr2	168432725	168433225	1041
chr1	91803888	91804388	1768
chr6	118558845	118559345	1258
chr3	71010649	71011149	878
chr3	30354064	30354564	1594
chr6	90295888	90296388	1483
chr12	563364	563864	1464
chr7	150631406	150631906	848
chr3	71492486	71492986	725
chr1	213762005	213762505	596
chr4	40230718	40231218	858
chr4	121009518	121010018	610
chr17	17740794	17741294	568
chr6	17589684	17590184	653
chr2	197323400	197323900	988
chr7	157881397	157881897	507
chr8	94833515	94834015	515
chr3	57397368	57397868	778
chr19	3687627	3688127	985
chr17	77382402	77382902	856
chr8	128653267	128653767	793
chr1	24502654	24503154	2192
chr18	13539012	13539512	750
chr1	226656541	226657041	944
chr3	13879969	13880469	1044
chr1	54460317	54460817	1076
chr5	14413232	14413732	1038
chr1	8510024	8510524	844
chr2	65057346	65057846	1312
chrX	48911704	48912204	1223
chr1	35505933	35506433	1101
chr3	141306933	141307433	1279
chr12	47810417	47810917	826
chr1	64545076	64545576	438
chr1	32273783	32274283	1549
chr15	31347261	31347761	1987
chr4	88737594	88738094	584
chr10	16835187	16835687	544
chr6	142232398	142232898	893
chr17	41341437	41341937	1149
chr3	30332133	30332633	704
chr14	104695295	104695795	983
chr14	65847029	65847529	2006
chr1	226690301	226690801	674
chr10	14586848	14587348	772
chr14	99009778	99010278	504
chr15	65982189	65982689	721
chr2	202762443	202762943	697
chr20	6030610	6031110	426
chr21	35237243	35237743	374
chr5	80192426	80192926	679
chr6	45488843	45489343	738
chr7	152143245	152143745	423
chr9	20398435	20398935	322
chr1	21957098	21957598	960
chr13	30371811	30372311	2029
chr20	53208300	53208800	751
chr13	27294110	27294610	758
chr16	53823041	53823541	1070
chr10	80465817	80466317	1560
chr3	71390169	71390669	409
chr20	3121212	3121712	840
chr20	32534549	32535049	946
chr14	70655426	70655926	1981
chrX	124736862	124737362	811
chr10	46093882	46094382	641
chr11	58530197	58530697	823
chr1	63651079	63651579	848
chr8	141072977	141073477	698
chr21	36113371	36113871	653
chr13	99658558	99659058	751
chr5	16626841	16627341	633
chr18	70683218	70683718	874
chr3	97991209	97991709	534
chr16	19696222	19696722	695
chr1	207458951	207459451	804
chr6	42048555	42049055	3041
chr21	17512426	17512926	858
chr1	223248697	223249197	761
chr3	18445344	18445844	2737
chr2	201191560	201192060	917
chr9	133684021	133684521	615
chr17	44216150	44216650	902
chr20	57710389	57710889	719
chr5	463827	464327	757
chr2	106085300	106085800	725
chr12	67579265	67579765	755
chr11	118344046	118344546	1264
chr9	15350925	15351425	550
chr12	46523834	46524334	948
chr2	12081480	12081980	651
chr4	152099910	152100410	1095
chr1	145998111	145998611	1121
chr14	19974787	19975287	552
chr6	139161139	139161639	1887
chr10	103910921	103911421	1808
chr14	102020256	102020756	636
chr2	73978997	73979497	925
chr14	68495300	68495800	636
chr8	126068265	126068765	448
chr12	52615114	52615614	640
chr11	13940504	13941004	1336
chr12	110780363	110780863	518
chr17	1764211	1764711	1440
chr5	175480515	175481015	598
chr1	110631291	110631791	1611
chr6	52400593	52401093	451
chr6	152233064	152233564	594
chr11	118892434	118892934	1624
chr1	111225619	111226119	963
chr3	56593409	56593909	1478
chr12	3988399	3988899	1058
chr13	98998817	98999317	943
chr1	25474553	25475053	654
chr2	216119899	216120399	476
chr22	45341386	45341886	683
chr2	2057048	2057548	922
chr17	66673564	66674064	1189
chr2	108957817	108958317	481
chr2	161992444	161992944	979
chr20	1286544	1287044	666
chr11	95674564	95675064	409
chr16	11139862	11140362	539
chr7	2066387	2066887	632
chr10	22655202	22655702	1522
chr17	73722193	73722693	1238
chr1	77434941	77435441	321
chr12	108575505	108576005	414
chr7	44145334	44145834	507
chr1	167460806	167461306	602
chr7	148979748	148980248	551
chr8	141403855	141404355	1549
chr21	36289079	36289579	1541
chr21	23968630	23969130	1300
chr4	74632595	74633095	563
chr1	214640747	214641247	606
chr2	105755869	105756369	498
chr17	40547379	40547879	1520
chr21	36113913	36114413	1257
chr5	172066667	172067167	1687
chr9	76027341	76027841	501
chr19	9857952	9858452	802
chr9	98075791	98076291	974
chr4	108467166	108467666	739
chr5	134114369	134114869	1973
chr11	61004965	61005465	427
chr6	152309628	152310128	971
chr10	129035409	129035909	1019
chr6	118656756	118657256	524
chr2	190407307	190407807	1882
chr11	9250114	9250614	981
chr21	45322251	45322751	920
chr1	83860783	83861283	993
chr17	80663592	80664092	547
chr8	61014120	61014620	730
chr1	246117413	246117913	717
chr5	14706601	14707101	1676
chr6	157814934	157815434	675
chr15	25812041	25812541	613
chr13	75327063	75327563	614
chr1	39691230	39691730	1670
chr8	19756266	19756766	524
chr1	213783806	213784306	291
chr10	119540919	119541419	240
chr12	47883164	47883664	710
chr13	95176535	95177035	566
chr15	64894593	64895093	2303
chr18	5159034	5159534	513
chr3	141243283	141243783	931
chr6	41299047	41299547	816
chr7	26097046	26097546	558
chr8	125971855	125972355	2653
chrX	357586	358086	627
chr1	87045755	87046255	754
chr2	126662564	126663064	711
chr7	3461862	3462362	1254
chr19	3554199	3554699	956
chr18	74378105	74378605	1119
chr16	80591019	80591519	969
chr4	113683093	113683593	1345
chr11	35330837	35331337	1362
chr9	92887866	92888366	797
chr2	74840243	74840743	793
chr19	47145781	47146281	1042
chr3	14879127	14879627	749
chr1	89607104	89607604	1663
chr2	160474288	160474788	398
chr5	56102177	56102677	599
chr3	141530023	141530523	849
chr3	190306676	190307176	580
chr14	31944941	31945441	1114
chr7	363702	364202	534
chr6	142551308	142551808	385
chr1	181397893	181398393	576
chr2	203705025	203705525	736
chr1	193479122	193479622	2512
chr10	470171	470671	990
chr21	14676115	14676615	979
chr22	36384764	36385264	1942
chr19	13983133	13983633	608
chr6	25367445	25367945	368
chr6	45156024	45156524	908
chr4	148060526	148061026	998
chr6	37516440	37516940	2142
chr12	123131929	123132429	861
chr9	38620798	38621298	1019
chr3	32458030	32458530	1934
chr6	139113116	139113616	2253
chr4	163895363	163895863	811
chrX	56780925	56781425	457
chr13	99361139	99361639	1454
chr4	84582596	84583096	1586
chr6	134519405	134519905	613
chr16	23960080	23960580	534
chr4	109648561	109649061	1588
chr10	69425750	69426250	1086
chr13	98563098	98563598	745
chr8	42516674	42517174	394
chr6	3456932	3457432	1251
chr22	39658321	39658821	892
chr6	112027865	112028365	2059
chr4	153398660	153399160	592
chr11	118929422	118929922	1432
chr5	80136387	80136887	1105
chr2	197954278	197954778	531
chr4	40213966	40214466	1354
chr1	8971010	8971510	1036
chr2	127642109	127642609	761
chr9	19976220	19976720	449
chr6	25441535	25442035	508
chr6	28448995	28449495	378
chr10	24622927	24623427	690
chr9	2019100	2019600	821
chr5	6715848	6716348	894
chr22	40332339	40332839	487
chr4	102527628	102528128	514
chr1	94926939	94927439	842
chr2	224764503	224765003	791
chr2	203936470	203936970	1023
chr6	135094266	135094766	1061
chr5	170313267	170313767	779
chr16	17368872	17369372	846
chr2	179031683	179032183	1175
chr6	90156803	90157303	831
chr21	45767054	45767554	620
chr12	9773518	9774018	832
chr2	197891837	197892337	641
chr6	6654765	6655265	701
chr11	121451324	121451824	1128
chr17	43907538	43908038	736
chr1	91804558	91805058	2040
chr2	195657937	195658437	1758
chr12	93245488	93245988	652
chr5	80972961	80973461	366
chr7	143408706	143409206	743
chr10	28336594	28337094	403
chr9	20504883	20505383	734
chr6	156396778	156397278	391
chr12	66964592	66965092	1038
chr4	40289560	40290060	616
chr3	13348585	13349085	638
chr8	133498435	133498935	2198
chr14	98926136	98926636	677
chr4	89337648	89338148	612
chr1	149879518	149880018	755
chr19	29837404	29837904	1195
chr20	56418219	56418719	758
chr1	156581692	156582192	530
chr7	36286169	36286669	1011
chr13	46593325	46593825	815
chr2	174717262	174717762	827
chr9	133701234	133701734	636
chr21	31184385	31184885	672
chr11	63236047	63236547	392
chr13	111389157	111389657	301
chr2	109031153	109031653	901
chr3	15217217	15217717	417
chr9	136113251	136113751	595
chr17	40612931	40613431	1064
chr3	45694084	45694584	711
chr2	189300876	189301376	600
chrX	136630773	136631273	626
chr14	49971188	49971688	2317
chr1	223230398	223230898	594
chr5	35671462	35671962	739
chr6	149140765	149141265	776
chr2	23380569	23381069	551
chr10	71756757	71757257	1557
chr7	50317278	50317778	1829
chr17	78251492	78251992	541
chr5	158812292	158812792	665
chr18	49950055	49950555	597
chr8	1973232	1973732	617
chr8	80377482	80377982	1457
chr2	206530698	206531198	519
chr2	227464342	227464842	639
chr7	5144337	5144837	950
chr12	55930085	55930585	1225
chr9	79581778	79582278	809
chr22	45172825	45173325	815
chr2	109032431	109032931	653
chr5	95622245	95622745	875
chr3	43755493	43755993	922
chr7	151769484	151769984	597
chr1	36366210	36366710	969
chr13	28492445	28492945	486
chr8	22538063	22538563	536
chrX	46320359	46320859	512
chr2	98771615	98772115	2213
chr13	99314791	99315291	1027
chr2	23384906	23385406	772
chr19	3338513	3339013	1169
chr6	149264582	149265082	547
chr3	188323047	188323547	1149
chr2	190916780	190917280	243
chr10	110010032	110010532	2003
chr2	234454412	234454912	984
chr7	143299761	143300261	437
chr9	93898030	93898530	523
chr7	50740024	50740524	1437
chr9	99112984	99113484	1124
chr9	121133074	121133574	1506
chr1	167110498	167110998	384
chr6	90233841	90234341	1829
chr21	36288575	36289075	719
chr8	22531651	22532151	1137
chr2	112181536	112182036	829
chr10	6592043	6592543	859
chr3	13890668	13891168	991
chr1	226444898	226445398	1662
chr15	92879925	92880425	473
chr4	152079779	152080279	968
chr8	66027773	66028273	475
chr12	25377350	25377850	1208
chr2	88751755	88752255	619
chr7	139635807	139636307	1099
chr11	108239047	108239547	614
chr4	10118351	10118851	532
chr6	149366189	149366689	954
chr15	100330534	100331034	1298
chr15	90561870	90562370	887
chr11	66326382	66326882	374
chr2	20326092	20326592	212
chr10	91033978	91034478	952
chr10	60728020	60728520	1018
chr16	28148960	28149460	861
chr10	100510865	100511365	2358
chr7	151441370	151441870	568
chr7	117048494	117048994	224
chr1	247936872	247937372	1090
chr15	91482724	91483224	489
chr11	129803957	129804457	937
chr19	49558573	49559073	391
chr22	31289366	31289866	612
chr14	97702835	97703335	719
chr2	10329381	10329881	489
chr21	45302101	45302601	694
chr16	89534382	89534882	1212
chr6	35600500	35601000	644
chr12	95552010	95552510	359
chr4	142846063	142846563	714
chr15	26082176	26082676	2005
chr4	15766141	15766641	1269
chr8	1760061	1760561	990
chr3	170020871	170021371	376
chr14	97994184	97994684	1402
chr2	64064715	64065215	484
chr12	113103977	113104477	1016
chr3	27881412	27881912	1246
chr15	52234510	52235010	603
chr13	73521144	73521644	768
chr1	83508330	83508830	1082
chrX	148310285	148310785	845
chr10	114538375	114538875	531
chr5	157233561	157234061	578
chr1	116986316	116986816	487
chrX	102652316	102652816	826
chr20	52973091	52973591	618
chr19	16566093	16566593	1696
chr12	67590374	67590874	620
chr6	143545851	143546351	584
chr20	53216995	53217495	556
chr21	31159123	31159623	1149
chr1	26201851	26202351	603
chr2	12334657	12335157	356
chr2	84841516	84842016	713
chr5	151612849	151613349	837
chr7	6554794	6555294	266
chr7	151014899	151015399	278
chr9	4339287	4339787	563
chr9	85723102	85723602	899
chr1	116769603	116770103	1931
chr3	40464285	40464785	605
chr12	107369630	107370130	765
chr10	6014402	6014902	951
chr1	150563298	150563798	1786
chr12	67804090	67804590	732
chr8	17026439	17026939	462
chr5	134129273	134129773	777
chr14	99191644	99192144	1077
chr18	63199840	63200340	1563
chr8	93991318	93991818	1441
chr10	104980344	104980844	328
chr12	121240424	121240924	1990
chr11	129695496	129695996	984
chr11	69123063	69123563	588
chr8	17026957	17027457	1098
chr2	30144897	30145397	485
chr9	89529593	89530093	539
chr9	75890345	75890845	2040
chr11	76288110	76288610	713
chr4	108173070	108173570	1155
chr3	179148952	179149452	1744
chr19	47176677	47177177	964
chr7	142482562	142483062	369
chr8	126558283	126558783	1711
chr12	92403710	92404210	1298
chr1	111406236	111406736	938
chr7	105924791	105925291	1100
chr7	149284270	149284770	937
chr12	25589957	25590457	490
chrX	119502650	119503150	506
chr1	109667759	109668259	1080
chr11	44680892	44681392	771
chr5	55650370	55650870	479
chr10	93413099	93413599	1270
chr8	19458141	19458641	440
chr1	25796798	25797298	983
chr9	70563874	70564374	1213
chr5	172688597	172689097	268
chr5	35924786	35925286	1282
chr5	111230402	111230902	1014
chr1	167090474	167090974	2030
chr22	30943319	30943819	764
chr11	122675055	122675555	1109
chr6	166862296	166862796	622
chr6	121959395	121959895	446
chr7	128108946	128109446	1179
chr14	97878806	97879306	563
chr3	48268252	48268752	1439
chr9	135978982	135979482	956
chr6	136753586	136754086	1521
chr1	35538904	35539404	1358
chr8	127981233	127981733	1187
chr14	58396216	58396716	965
chr5	35853577	35854077	1654
chr3	71372355	71372855	363
chr10	81724366	81724866	376
chr16	1535310	1535810	530
chr2	63856229	63856729	1405
chr14	64928448	64928948	1093
chr16	22381352	22381852	701
chr5	157178941	157179441	497
chr18	3061080	3061580	1164
chr2	95022247	95022747	953
chr9	101705044	101705544	460
chr8	30076775	30077275	472
chr12	52645306	52645806	2735
chr12	64697961	64698461	724
chr6	135102841	135103341	1047
chr11	6733567	6734067	843
chr12	56338605	56339105	1547
chrX	39309595	39310095	494
chr10	46094856	46095356	392
chr1	12510575	12511075	1738
chr3	125357067	125357567	998
chr8	120861357	120861857	936
chr9	94011049	94011549	415
chr17	80664949	80665449	973
chr17	35239695	35240195	219
chr4	80709010	80709510	482
chr5	175796798	175797298	881
chr11	95641489	95641989	964
chr17	76670302	76670802	406
chr1	169708182	169708682	623
chr22	46036659	46037159	983
chr2	101729661	101730161	489
chr15	70094561	70095061	465
chr2	151423743	151424243	333
chr11	128476628	128477128	1917
chr8	41971414	41971914	817
chr11	2987795	2988295	1076
chr1	154955032	154955532	2311
chr11	129860975	129861475	919
chr4	108029258	108029758	564
chr17	19771531	19772031	329
chr10	86413077	86413577	831
chr2	218316464	218316964	1029
chr3	44208055	44208555	573
chr22	19607341	19607841	680
chr18	13273829	13274329	680
chr22	40323654	40324154	594
chr13	41271836	41272336	863
chr20	53215132	53215632	456
chr16	4676415	4676915	744
chr3	108835012	108835512	970
chr5	80269989	80270489	847
chr14	91872210	91872710	1288
chr1	54285110	54285610	665
chr2	74654522	74655022	232
chr11	15075116	15075616	272
chr8	143878274	143878774	521
chr20	53700786	53701286	670
chr1	194039518	194040018	255
chr10	3186299	3186799	749
chr13	27302845	27303345	356
chr13	30389336	30389836	568
chr18	2594056	2594556	240
chr2	154427390	154427890	316
chr21	31282935	31283435	294
chr4	48944776	48945276	421
chr4	128803796	128804296	437
chr5	75077974	75078474	549
chr5	131364620	131365120	671
chr5	176132935	176133435	309
chr6	153965954	153966454	281
chr6	6658825	6659325	1343
chr3	32114661	32115161	2383
chr21	15514154	15514654	1742
chr20	59402590	59403090	409
chr1	10904766	10905266	498
chr7	87216945	87217445	1232
chr2	161953989	161954489	704
chr17	77957754	77958254	1245
chr2	196260493	196260993	498
chr9	4297804	4298304	892
chr8	142608981	142609481	743
chr1	15579025	15579525	1347
chr1	198619420	198619920	978
chrX	17737065	17737565	1058
chr22	45296607	45297107	1102
chr11	102268574	102269074	1249
chr12	91978019	91978519	1265
chr5	142095620	142096120	2158
chr1	27568306	27568806	1952
chr7	100169037	100169537	548
chr17	56593953	56594453	542
chr17	67725459	67725959	736
chr22	37231357	37231857	767
chr1	155013540	155014040	296
chr12	1488813	1489313	505
chr11	22690827	22691327	536
chr14	74784623	74785123	529
chr8	143856213	143856713	1276
chr2	70135859	70136359	1147
chr15	64503044	64503544	296
chr4	10671263	10671763	1324
chr12	12846739	12847239	828
chr5	180684744	180685244	562
chr8	106269919	106270419	1446
chr12	32025852	32026352	934
chr3	13346541	13347041	1331
chr11	119305256	119305756	352
chr2	84855755	84856255	390
chr12	107320077	107320577	1398
chr10	131907757	131908257	555
chr12	3904952	3905452	325
chr8	29806333	29806833	908
chr11	12717785	12718285	649
chr16	57267253	57267753	339
chr19	10142712	10143212	1212
chr17	10699812	10700312	896
chr10	123241783	123242283	973
chr20	59403605	59404105	804
chr11	96014149	96014649	759
chr12	104485580	104486080	855
chr10	44913229	44913729	386
chr5	139565349	139565849	1814
chr10	118621566	118622066	414
chr7	5824224	5824724	799
chr10	103678103	103678603	1388
chr12	39628797	39629297	780
chr9	20640648	20641148	642
chr4	108107988	108108488	1025
chr9	20321701	20322201	1061
chr9	124894604	124895104	744
chr4	83084049	83084549	1797
chr4	183430658	183431158	576
chr4	38655097	38655597	1607
chr5	16618066	16618566	331
chr16	85334782	85335282	458
chr18	13376910	13377410	721
chr19	43463771	43464271	2616
chr4	155376626	155377126	1734
chr2	196229999	196230499	902
chr16	58756309	58756809	773
chr8	118089621	118090121	1019
chr1	89870854	89871354	684
chr6	157823905	157824405	985
chr6	3370247	3370747	338
chr1	16236088	16236588	608
chr3	101466906	101467406	834
chr1	116325743	116326243	1541
chr15	88636012	88636512	1535
chr5	68875299	68875799	536
chr19	49552786	49553286	694
chr7	142799497	142799997	303
chr18	32096870	32097370	622
chr8	42740991	42741491	581
chr20	44153484	44153984	798
chr1	226736302	226736802	365
chr13	99417296	99417796	379
chr19	32642767	32643267	868
chr2	64666949	64667449	596
chr10	6601212	6601712	329
chr17	40563325	40563825	363
chr2	239326815	239327315	755
chr20	17987952	17988452	469
chr3	67941346	67941846	311
chr6	31259932	31260432	630
chr1	111221635	111222135	927
chr1	16162299	16162799	556
chr8	20492690	20493190	221
chr8	143462550	143463050	470
chrX	69615683	69616183	805
chr2	191061583	191062083	932
chr1	116877868	116878368	1217
chr16	84553888	84554388	1079
chr19	9808771	9809271	812
chr1	173444681	173445181	565
chr20	32971465	32971965	476
chr12	1277917	1278417	462
chr6	33430165	33430665	384
chr1	206909188	206909688	669
chr17	82303320	82303820	625
chr3	188170434	188170934	460
chr8	127188826	127189326	476
chr12	12266748	12267248	1197
chr7	157875395	157875895	483
chr17	38925289	38925789	385
chr8	23454910	23455410	654
chr1	86441522	86442022	445
chr13	30119434	30119934	451
chr2	105749450	105749950	435
chr4	38489878	38490378	634
chrX	103310783	103311283	1047
chr16	1152813	1153313	485
chr1	54356675	54357175	575
chr20	52305843	52306343	981
chr12	3897277	3897777	946
chr2	207143330	207143830	1762
chr1	19600143	19600643	861
chr17	17957987	17958487	963
chr13	73765540	73766040	1301
chr8	30103721	30104221	551
chr1	25675946	25676446	1268
chr17	78258501	78259001	1130
chr2	241009877	241010377	544
chr3	10263795	10264295	737
chr20	44219198	44219698	418
chr13	99384336	99384836	589
chr5	126499875	126500375	652
chr16	15672767	15673267	1792
chr9	112002382	112002882	741
chr2	201447085	201447585	489
chr6	167706171	167706671	505
chr18	13438119	13438619	811
chr16	84508454	84508954	595
chr1	8969897	8970397	413
chr10	105837974	105838474	599
chr11	46332391	46332891	512
chr12	4530921	4531421	364
chr2	174485332	174485832	171
chr21	42220088	42220588	1936
chr22	19896518	19897018	317
chr3	31462171	31462671	1893
chr3	48987764	48988264	964
chr5	74935306	74935806	698
chr5	122137640	122138140	307
chr11	128304832	128305332	1735
chr12	29390380	29390880	766
chr11	118304468	118304968	1328
chr2	172428007	172428507	889
chr19	11848430	11848930	1451
chr3	13428134	13428634	691
chr1	11280892	11281392	898
chr11	78203187	78203687	657
chr11	61079478	61079978	378
chr19	32794452	32794952	1376
chr1	3902534	3903034	587
chr14	91880923	91881423	927
chr2	234450681	234451181	310
chr1	25473597	25474097	376
chr10	5457653	5458153	398
chr12	59578236	59578736	444
chr4	1544919	1545419	366
chr5	137737658	137738158	669
chr4	23333935	23334435	1731
chr10	352064	352564	388
chr10	72107230	72107730	751
chr6	14634022	14634522	336
chr10	104587147	104587647	373
chr14	106061806	106062306	838
chr9	78032884	78033384	813
chr1	100440083	100440583	1312
chr7	37353475	37353975	1856
chr1	54287129	54287629	538
chr7	5487752	5488252	460
chr9	20621806	20622306	1594
chr8	38359309	38359809	948
chr11	102413487	102413987	524
chr3	170037708	170038208	1257
chr6	3370754	3371254	558
chr1	27527976	27528476	876
chr11	3006842	3007342	423
chr17	82127200	82127700	686
chr1	39183655	39184155	1407
chr3	56608428	56608928	383
chr2	203867509	203868009	1057
chr16	11088170	11088670	433
chr3	112736824	112737324	456
chr7	74452849	74453349	338
chr8	27490904	27491404	1172
chr9	133701849	133702349	420
chr15	98647441	98647941	1265
chr7	89607721	89608221	416
chr6	28443241	28443741	1218
chr11	129696019	129696519	541
chr17	80261358	80261858	1307
chr4	121182276	121182776	894
chr21	33894671	33895171	604
chr2	119772705	119773205	395
chr12	132771389	132771889	702
chr7	30157142	30157642	643
chr5	80181557	80182057	879
chr2	113251202	113251702	569
chr21	26168981	26169481	783
chr1	27522305	27522805	1131
chr19	38841850	38842350	650
chr3	43222547	43223047	567
chr21	29449508	29450008	1109
chr13	73520512	73521012	587
chr1	181424842	181425342	516
chrX	20354451	20354951	535
chr16	981390	981890	795
chr4	48137669	48138169	715
chr17	59362320	59362820	1234
chr4	142847185	142847685	765
chr3	192917121	192917621	332
chr9	69028741	69029241	680
chr12	6828608	6829108	731
chr9	21576521	21577021	966
chr13	39998117	39998617	517
chr1	76023618	76024118	454
chr11	129364067	129364567	352
chr1	5388913	5389413	1000
chr1	239501688	239502188	1117
chr19	1192309	1192809	952
chr3	45020464	45020964	541
chr19	39544854	39545354	421
chr15	91469858	91470358	1078
chr5	39178853	39179353	1181
chr15	68833951	68834451	520
chr6	3318109	3318609	476
chr8	60865212	60865712	980
chr22	39926314	39926814	524
chr12	6936575	6937075	655
chr10	118658038	118658538	750
chr16	14308959	14309459	580
chr2	84849605	84850105	641
chr19	16374443	16374943	338
chr16	4488373	4488873	1384
chr9	89477362	89477862	573
chr15	59814348	59814848	535
chr17	56592434	56592934	909
chr3	71729743	71730243	1018
chr18	63290805	63291305	699
chr5	35761549	35762049	577
chr3	108092981	108093481	440
chr13	45851472	45851972	471
chr6	24960906	24961406	896
chr10	70477650	70478150	853
chr7	139626733	139627233	572
chr17	78979757	78980257	529
chr18	23992512	23993012	1539
chr12	107372649	107373149	239
chrX	75522864	75523364	567
chr5	43110708	43111208	427
chr8	1791993	1792493	551
chr5	126988041	126988541	1086
chr10	104170809	104171309	620
chr4	83241089	83241589	347
chrX	11824924	11825424	552
chr17	67724955	67725455	291
chr6	44787401	44787901	335
chr14	39641173	39641673	444
chr3	153462504	153463004	370
chr6	137804676	137805176	400
chr4	89029577	89030077	379
chr13	113385409	113385909	439
chr10	97781253	97781753	205
chr6	7129367	7129867	279
chr14	61671007	61671507	1620
chr6	90296687	90297187	1860
chr9	120891486	120891986	882
chr1	167474093	167474593	574
chr22	38758481	38758981	839
chr1	23602102	23602602	586
chr3	101785171	101785671	1025
chr20	52410186	52410686	2146
chr18	5167796	5168296	388
chr15	63446231	63446731	449
chr1	181937191	181937691	234
chr10	100508627	100509127	809
chr3	30667062	30667562	468
chr3	60048540	60049040	426
chr20	32945659	32946159	584
chr15	66401690	66402190	354
chr3	71060461	71060961	663
chr5	96345186	96345686	487
chr11	129888437	129888937	466
chr9	14993886	14994386	437
chr17	35188012	35188512	459
chr9	127976459	127976959	499
chr17	77456152	77456652	486
chr6	28523117	28523617	497
chr4	47837179	47837679	488
chr2	19474095	19474595	805
chr1	151898593	151899093	1682
chr1	2523862	2524362	795
chr12	11545161	11545661	820
chr13	30346328	30346828	967
chr22	35552432	35552932	910
chr3	59425808	59426308	485
chr6	53302576	53303076	781
chr3	52982915	52983415	409
chr6	127971981	127972481	1998
chr11	129815587	129816087	684
chr12	52691081	52691581	735
chr11	102300777	102301277	875
chr3	187979516	187980016	656
chr5	82356898	82357398	1559
chr4	153426435	153426935	1174
chr4	76212822	76213322	1144
chr16	48612984	48613484	1810
chr17	39800473	39800973	903
chr5	157253003	157253503	1994
chr11	46333171	46333671	546
chr1	243807301	243807801	378
chr11	128341235	128341735	1008
chr15	57703415	57703915	307
chr15	87737275	87737775	319
chr17	65430150	65430650	327
chr19	9863667	9864167	337
chr2	42523327	42523827	262
chr2	54606523	54607023	337
chr22	28442123	28442623	652
chr3	30664908	30665408	805
chr5	31866108	31866608	416
chr5	80150670	80151170	349
chr5	157180557	157181057	1268
chr6	149494893	149495393	1050
chr7	351858	352358	644
chr7	91085139	91085639	301
chr9	127981644	127982144	386
chrX	40061698	40062198	377
chr4	2364648	2365148	694
chr7	142500303	142500803	725
chr9	133683388	133683888	861
chr13	74290303	74290803	1125
chr1	186301388	186301888	375
chr3	18401826	18402326	263
chr7	117007214	117007714	440
chr19	47159077	47159577	866
chr20	63102869	63103369	766
chr3	169871430	169871930	391
chr10	80378173	80378673	919
chr21	43921420	43921920	504
chr19	48511689	48512189	1361
chr14	58571952	58572452	500
chr14	20440834	20441334	1098
chr19	16070445	16070945	2511
chrX	40589571	40590071	431
chrX	101485160	101485660	403
chr20	36733658	36734158	498
chr16	3364816	3365316	1181
chr13	99413242	99413742	511
chr11	122726968	122727468	750
chr16	27274188	27274688	351
chr18	79522360	79522860	769
chr1	229057997	229058497	938
chr10	119652350	119652850	745
chr10	93124518	93125018	267
chr5	80957961	80958461	1019
chr15	98650009	98650509	538
chr17	65560798	65561298	1108
chr21	38323713	38324213	724
chr5	144187725	144188225	936
chr5	142097697	142098197	294
chr2	96962138	96962638	581
chr20	25148590	25149090	630
chr1	58858203	58858703	799
chr10	9097422	9097922	873
chr13	23743185	23743685	528
chr22	20465576	20466076	295
chr5	168683521	168684021	390
chr16	68417885	68418385	1899
chr16	53456549	53457049	1843
chr17	66374182	66374682	614
chr3	13896510	13897010	510
chr4	98662528	98663028	507
chr5	134079690	134080190	651
chr5	111237355	111237855	363
chr7	140722964	140723464	1016
chr16	68210868	68211368	756
chr5	68255721	68256221	914
chr9	124965749	124966249	1369
chr2	108988343	108988843	537
chr16	15022064	15022564	1018
chr9	31323928	31324428	1094
chr10	133307658	133308158	1165
chr3	169966009	169966509	647
chr8	2001441	2001941	1331
chr1	65049914	65050414	599
chr1	3032946	3033446	454
chr11	35177285	35177785	1592
chr3	177224346	177224846	350
chr11	117823175	117823675	666
chr5	131069211	131069711	1188
chr12	22160302	22160802	329
chr5	126852194	126852694	1075
chr9	109110384	109110884	488
chr1	25503735	25504235	543
chr15	64583549	64584049	345
chr10	14507061	14507561	1112
chr11	82750785	82751285	467
chr3	99875928	99876428	964
chr2	88754127	88754627	757
chr17	74852336	74852836	702
chr13	99352800	99353300	538
chr18	69967969	69968469	585
chr11	44747326	44747826	588
chr10	450878	451378	1577
chr4	87103697	87104197	828
chr7	99624362	99624862	1500
chr11	128868969	128869469	728
chr11	128349840	128350340	429
chr12	64384973	64385473	658
chr9	97930910	97931410	621
chr2	55530413	55530913	834
chr17	34840674	34841174	611
chr1	155514508	155515008	492
chr17	43908081	43908581	409
chr5	43109490	43109990	426
chr3	56877959	56878459	339
chr8	37261609	37262109	745
chr2	207135261	207135761	434
chr6	52333741	52334241	919
chr6	37209428	37209928	859
chr11	134033934	134034434	719
chr9	120890899	120891399	334
chr18	70621605	70622105	791
chr5	53031721	53032221	554
chr17	77435160	77435660	683
chr19	16369456	16369956	1596
chrX	53088543	53089043	965
chr1	161777213	161777713	315
chr10	31321320	31321820	835
chr14	65877577	65878077	442
chr7	134995896	134996396	384
chr10	9362676	9363176	304
chr14	98931904	98932404	1308
chr5	90873079	90873579	387
chrX	39969204	39969704	332
chr3	141320700	141321200	542
chr17	66285839	66286339	537
chr10	44878626	44879126	595
chr4	163624673	163625173	321
chr9	36492827	36493327	624
chr4	119374600	119375100	450
chr1	23601025	23601525	584
chr10	102476691	102477191	233
chr15	98713449	98713949	302
chrX	119682231	119682731	1122
chr6	90271739	90272239	405
chr7	139095168	139095668	2662
chr16	15961043	15961543	1437
chr9	128027094	128027594	1042
chr2	3651979	3652479	730
chr6	156395217	156395717	533
chr7	117009135	117009635	389
chr10	6069139	6069639	727
chr1	18069834	18070334	312
chr13	99053514	99054014	263
chr5	75034316	75034816	925
chr5	134117782	134118282	322
chr12	44876111	44876611	795
chr2	230254519	230255019	800
chr3	169865350	169865850	487
chr8	19393229	19393729	407
chr3	98029018	98029518	387
chr14	106224088	106224588	418
chr11	66256994	66257494	2107
chr8	42708878	42709378	563
chr10	27101404	27101904	989
chr7	1926828	1927328	718
chr12	56570102	56570602	668
chr10	97796564	97797064	772
chr4	3302386	3302886	1882
chr2	100941595	100942095	396
chr15	87597623	87598123	778
chr1	2523310	2523810	483
chr11	96011944	96012444	996
chr7	55574061	55574561	695
chr1	23627059	23627559	856
chr5	66828501	66829001	691
chr5	80204915	80205415	549
chr3	170033344	170033844	1168
chr16	50547435	50547935	1314
chrX	107741887	107742387	2780
chr1	84782404	84782904	588
chr12	21614457	21614957	529
chr12	6612212	6612712	574
chr7	38433652	38434152	593
chr11	121452671	121453171	1099
chr19	12289191	12289691	1114
chr1	92536955	92537455	703
chr4	6918424	6918924	796
chr17	7383962	7384462	2045
chr11	133967224	133967724	524
chr15	59751725	59752225	553
chr2	203708820	203709320	372
chr7	36678433	36678933	1239
chr2	195659134	195659634	914
chr7	5836153	5836653	739
chr7	50206355	50206855	1015
chr12	57754689	57755189	1400
chr7	76153485	76153985	887
chr3	53044453	53044953	760
chr3	4830503	4831003	307
chr12	9024967	9025467	1727
chr1	39410809	39411309	590
chr1	145997106	145997606	1888
chr10	18627601	18628101	664
chr11	65522548	65523048	462
chr12	54777021	54777521	340
chr12	132283228	132283728	252
chr14	69117346	69117846	418
chr15	90597570	90598070	772
chr17	14201528	14202028	1486
chr17	29828623	29829123	220
chr17	40551419	40551919	248
chr17	40586199	40586699	328
chr2	119694569	119695069	260
chr3	32335657	32336157	358
chr5	75057503	75058003	432
chr5	149294827	149295327	227
chr5	157172273	157172773	1067
chr6	144560105	144560605	856
chr7	351203	351703	780
chr9	113513484	113513984	219
chr9	129208341	129208841	261
chr18	79523113	79523613	850
chr22	20464127	20464627	1651
chr5	159120415	159120915	1059
chr19	46612118	46612618	977
chr11	48055821	48056321	1202
chr22	50620931	50621431	1781
chr22	47090996	47091496	352
chr14	70641129	70641629	1030
chr2	234463963	234464463	1568
chr8	57894198	57894698	443
chr2	12110009	12110509	548
chr3	128321971	128322471	329
chr15	52235134	52235634	821
chr1	42298424	42298924	397
chr10	114492566	114493066	379
chr14	104694775	104695275	571
chr7	39634137	39634637	941
chr3	118949296	118949796	387
chr9	89477874	89478374	610
chr21	45607051	45607551	296
chr10	74589277	74589777	1645
chr6	149261320	149261820	497
chr1	226798856	226799356	1077
chr17	45248108	45248608	1910
chr2	63861169	63861669	399
chr1	160646797	160647297	462
chr1	67674840	67675340	419
chr1	154410102	154410602	290
chr13	74247903	74248403	371
chr16	89201542	89202042	679
chr10	88193987	88194487	1327
chr19	6161320	6161820	1162
chr12	11545684	11546184	1571
chr7	2508345	2508845	1937
chr15	65887543	65888043	900
chr17	56653843	56654343	576
chr10	31321873	31322373	272
chr13	99370473	99370973	304
chr20	62891031	62891531	454
chr17	65561381	65561881	1756
chr22	41524754	41525254	589
chr20	57709877	57710377	1533
chr20	57633895	57634395	403
chr14	68793905	68794405	1571
chr2	105856574	105857074	391
chr6	144468550	144469050	390
chr22	31292903	31293403	683
chr9	94153847	94154347	382
chr2	42494928	42495428	637
chr17	78128975	78129475	1527
chr5	109849416	109849916	653
chr9	5586298	5586798	695
chr19	17874002	17874502	1023
chr3	171255165	171255665	876
chr2	197996583	197997083	294
chr11	48005138	48005638	412
chr6	39725213	39725713	911
chr15	98649446	98649946	482
chr19	21580013	21580513	383
chr20	5835892	5836392	549
chr2	12302050	12302550	515
chr19	10755114	10755614	718
chr14	50835250	50835750	682
chr1	33237513	33238013	331
chr13	27621536	27622036	2259
chr11	123070376	123070876	844
chr20	44218397	44218897	893
chr7	74452267	74452767	1325
chr6	12110379	12110879	514
chr2	106094518	106095018	1300
chrX	55695190	55695690	468
chr10	22029279	22029779	402
chrX	103459913	103460413	532
chr2	207165004	207165504	1110
chr3	153624145	153624645	831
chr7	157826939	157827439	498
chr8	127163658	127164158	487
chr14	99525256	99525756	538
chr17	56594776	56595276	409
chr3	195609261	195609761	935
chr10	27023320	27023820	452
chr9	21611804	21612304	538
chr14	38078303	38078803	1182
chr6	52389026	52389526	361
chr8	17614175	17614675	498
chr8	140273019	140273519	539
chr6	135163287	135163787	527
chr1	241627939	241628439	501
chr3	72256055	72256555	425
chr2	196220615	196221115	433
chr1	89855659	89856159	498
chr15	33046994	33047494	586
chr3	178084781	178085281	647
chr10	114513225	114513725	434
chr13	29958430	29958930	573
chr6	90186959	90187459	672
chrX	47659327	47659827	636
chr5	175652947	175653447	1001
chr10	5564789	5565289	637
chr1	8918038	8918538	674
chr1	25754766	25755266	469
chr5	56154958	56155458	601
chr17	40548282	40548782	215
chr10	69232694	69233194	541
chr8	132985453	132985953	810
chr1	117007110	117007610	523
chr10	119292904	119293404	450
chr1	23422226	23422726	1001
chr1	244074737	244075237	2000
chr5	149264603	149265103	321
chr3	49806188	49806688	353
chr1	16157973	16158473	809
chr20	1674342	1674842	641
chr13	41458159	41458659	804
chr1	27523041	27523541	731
chr7	24560626	24561126	513
chr16	695754	696254	433
chr21	34707717	34708217	542
chr1	248482167	248482667	621
chr10	31319439	31319939	1027
chr4	67581416	67581916	494
chr6	134529946	134530446	378
chr9	137387255	137387755	622
chr14	102949061	102949561	922
chr6	14784760	14785260	498
chr6	24948969	24949469	2162
chr11	13859953	13860453	458
chr11	102361672	102362172	762
chr13	30376758	30377258	1516
chr11	61026273	61026773	1376
chr16	85311203	85311703	515
chr21	22421344	22421844	529
chr17	7886667	7887167	557
chr6	37021646	37022146	698
chr11	82960389	82960889	1155
chr15	73959132	73959632	930
chr2	30209179	30209679	642
chr12	113135613	113136113	795
chr15	44554861	44555361	342
chr17	76713220	76713720	319
chr16	48611711	48612211	1266
chr5	134148944	134149444	311
chr16	1525942	1526442	356
chr6	28542486	28542986	398
chr10	5293791	5294291	1034
chr14	100223895	100224395	301
chr2	241095548	241096048	531
chrX	572185	572685	211
chr12	52603270	52603770	257
chr14	98135997	98136497	703
chr12	3972524	3973024	457
chr2	190532450	190532950	221
chr14	98195563	98196063	370
chr5	96344684	96345184	455
chr7	23289607	23290107	420
chr3	13878631	13879131	325
chr8	133016486	133016986	678
chr17	48193930	48194430	287
chr18	63309427	63309927	329
chr4	121139509	121140009	416
chr5	56477552	56478052	601
chr1	43789833	43790333	489
chr4	83114526	83115026	1331
chr14	96117049	96117549	292
chr10	114084155	114084655	402
chr12	11998500	11999000	1210
chr8	65951780	65952280	2065
chr16	67983701	67984201	410
chr4	153755151	153755651	425
chr1	235102895	235103395	472
chr2	197804266	197804766	2029
chr5	143898375	143898875	269
chr8	81156880	81157380	315
chr3	124584219	124584719	683
chr4	74444816	74445316	2151
chr2	135658020	135658520	705
chr5	56071142	56071642	651
chr17	78343609	78344109	1779
chrX	51893144	51893644	757
chr6	2877944	2878444	532
chr2	157897578	157898078	1041
chr3	196604497	196604997	810
chr9	504446	504946	1188
chr14	97120446	97120946	549
chr1	26307414	26307914	804
chr21	42460727	42461227	641
chr1	25668907	25669407	286
chr1	53986436	53986936	262
chr10	13862528	13863028	350
chr11	12192777	12193277	357
chr12	66910326	66910826	348
chr13	113881844	113882344	285
chr14	54742646	54743146	179
chr16	84514835	84515335	2210
chr17	28004317	28004817	254
chr2	126413042	126413542	224
chr20	58661225	58661725	758
chr3	5197463	5197963	1344
chr5	56126455	56126955	241
chr5	134149487	134149987	289
chr5	175640053	175640553	302
chr6	90292716	90293216	190
chr6	130132161	130132661	2369
chr7	36790138	36790638	298
chr7	79909192	79909692	195
chr9	4551007	4551507	406
chr9	98256785	98257285	493
chr1	145988771	145989271	544
chr7	45001175	45001675	1088
chr2	48448259	48448759	802
chr5	175478860	175479360	695
chr6	135014235	135014735	869
chr19	43469026	43469526	691
chr8	106725805	106726305	807
chr4	148445840	148446340	589
chr12	69334139	69334639	480
chr5	180085764	180086264	337
chr5	56490966	56491466	369
chr11	15074467	15074967	945
chr22	31286245	31286745	2116
chr2	12044734	12045234	1598
chr10	22666413	22666913	1337
chr3	32372051	32372551	315
chr8	131899905	131900405	364
chr8	30083654	30084154	226
chr3	18418197	18418697	342
chr11	85826439	85826939	263
chr17	40607363	40607863	714
chr4	119363351	119363851	412
chr10	129057837	129058337	596
chr19	6766719	6767219	765
chr1	39680741	39681241	350
chr1	161771086	161771586	331
chr4	113825142	113825642	595
chr19	19628012	19628512	1551
chr3	3297029	3297529	338
chr2	230905360	230905860	665
chr6	31094509	31095009	1381
chr14	61178058	61178558	283
chr17	67400164	67400664	366
chr1	168443839	168444339	689
chr16	25060910	25061410	1532
chr2	88697213	88697713	421
chr6	28587075	28587575	468
chr16	23948796	23949296	1150
chr16	56708397	56708897	590
chr19	1507657	1508157	1519
chr13	41488104	41488604	425
chr7	130414948	130415448	357
chr3	72820970	72821470	334
chr12	132907885	132908385	425
chr4	169410752	169411252	639
chr11	104772615	104773115	368
chr3	52222014	52222514	988
chr6	107793143	107793643	364
chr4	1605462	1605962	508
chr6	170271680	170272180	1677
chr2	230262074	230262574	981
chr5	35858922	35859422	1470
chr22	39412482	39412982	1141
chr8	80864718	80865218	953
chr8	42712576	42713076	453
chr11	66257567	66258067	1763
chr1	18651629	18652129	392
chr3	43296597	43297097	2408
chr3	42526496	42526996	570
chr8	22059703	22060203	916
chr21	42527628	42528128	1540
chr16	68286146	68286646	951
chr1	239719573	239720073	1616
chr6	125302955	125303455	860
chr12	6361905	6362405	503
chr5	134099840	134100340	364
chr1	9122008	9122508	421
chr19	51354749	51355249	408
chr8	127916620	127917120	337
chr2	119678325	119678825	533
chr9	93143914	93144414	1363
chr2	171042477	171042977	366
chr11	121328151	121328651	868
chr6	149233958	149234458	616
chr8	128031115	128031615	492
chr1	77421439	77421939	570
chr5	56060697	56061197	456
chr1	172638979	172639479	1840
chr12	107392881	107393381	318
chr2	195382057	195382557	426
chr10	69451197	69451697	1179
chr4	165255922	165256422	339
chr6	154249907	154250407	1118
chr5	39177563	39178063	1153
chr17	66304281	66304781	318
chr7	130417137	130417637	367
chr1	226730784	226731284	481
chr15	91320052	91320552	515
chr9	128587351	128587851	548
chr4	10161773	10162273	691
chr17	66667399	66667899	433
chr4	100458629	100459129	298
chr12	3950823	3951323	555
chr3	45676889	45677389	952
chr1	206921799	206922299	1604
chr14	99190972	99191472	344
chr15	100849476	100849976	435
chr11	119266413	119266913	358
chr10	86966508	86967008	718
chr8	52838277	52838777	566
chrX	150459108	150459608	303
chr6	128519746	128520246	476
chr10	96587641	96588141	317
chr16	15639171	15639671	552
chr17	59365356	59365856	649
chr8	130444636	130445136	1096
chr1	185647592	185648092	366
chr7	27952684	27953184	647
chr14	61780088	61780588	525
chr17	82302724	82303224	234
chr7	64877298	64877798	432
chr3	18411452	18411952	486
chr12	120007191	120007691	1214
chr15	90594342	90594842	1843
chr12	21690586	21691086	654
chr19	21604310	21604810	352
chr5	57495318	57495818	497
chr7	139635286	139635786	423
chr2	112985016	112985516	939
chr16	29155066	29155566	327
chr10	91201323	91201823	842
chr11	60912217	60912717	1118
chr4	2290889	2291389	1342
chr10	86950265	86950765	572
chr4	1604870	1605370	561
chrX	118992708	118993208	613
chr14	105059469	105059969	507
chr1	26739411	26739911	403
chr5	134119525	134120025	377
chr11	96307455	96307955	436
chr1	228938369	228938869	576
chr3	32239997	32240497	472
chr11	82899062	82899562	646
chr2	96940946	96941446	414
chr11	61027370	61027870	548
chr7	5699964	5700464	595
chr17	40576312	40576812	385
chr12	67068958	67069458	387
chr9	1366257	1366757	496
chr18	596789	597289	648
chr3	107684614	107685114	381
chr13	79393756	79394256	1201
chr2	61425165	61425665	581
chr12	123931609	123932109	669
chr19	49690790	49691290	329
chr1	85200222	85200722	626
chr16	27169541	27170041	1470
chr17	40602178	40602678	337
chr16	30063898	30064398	1050
chr6	130029132	130029632	449
chr8	23250278	23250778	579
chr4	142404904	142405404	805
chr14	34665997	34666497	520
chr10	62755576	62756076	344
chr6	149895919	149896419	288
chr7	99929357	99929857	520
chr13	98567734	98568234	597
chr5	73387778	73388278	1002
chr15	25805944	25806444	210
chr4	37954525	37955025	301
chr6	87656779	87657279	587
chr22	46614296	46614796	1116
chr1	67142872	67143372	630
chr10	6595317	6595817	402
chr17	67379856	67380356	290
chr2	106096614	106097114	686
chr10	3875534	3876034	791
chr11	128738815	128739315	683
chr1	19074906	19075406	571
chr14	70643640	70644140	210
chr6	134523800	134524300	374
chrX	47390825	47391325	249
chr4	972916	973416	739
chr18	70663115	70663615	483
chr8	143529342	143529842	453
chr20	58891992	58892492	1145
chr12	131530409	131530909	344
chr17	38890458	38890958	257
chr19	41306644	41307144	179
chr2	75416851	75417351	359
chr9	36504110	36504610	333
chr17	19024036	19024536	339
chr3	30263340	30263840	219
chr3	171274180	171274680	317
chr4	153153233	153153733	1033
chr5	56586011	56586511	268
chr7	5143011	5143511	407
chr7	139737638	139738138	416
chr4	22444363	22444863	236
chr5	134053669	134054169	455
chr6	157981540	157982040	2147
chr1	167120811	167121311	231
chr16	11670312	11670812	803
chr14	69191187	69191687	886
chr17	77434652	77435152	264
chr19	47577612	47578112	603
chr14	98103645	98104145	390
chr12	4027308	4027808	891
chr21	26070971	26071471	624
chr6	25279459	25279959	486
chr13	114151566	114152066	632
chr5	134110386	134110886	267
chr1	39575036	39575536	629
chr17	20275678	20276178	255
chr3	129116320	129116820	349
chr17	78121086	78121586	1271
chr17	6455271	6455771	473
chr1	40389212	40389712	820
chr1	226425500	226426000	701
chr11	114183152	114183652	1136
chr6	96924945	96925445	758
chr14	23119958	23120458	929
chr17	17391509	17392009	957
chr7	105691866	105692366	1653
chr4	80500517	80501017	1180
chr9	97905152	97905652	975
chr16	68275840	68276340	1201
chr4	68439339	68439839	739
chr16	74601063	74601563	1196
chr4	140152241	140152741	916
chr1	8463013	8463513	260
chr1	229205005	229205505	254
chr10	60728553	60729053	131
chr10	114513964	114514464	204
chr10	119535678	119536178	188
chr11	3852747	3853247	296
chr11	124670709	124671209	797
chr12	1592515	1593015	673
chr12	92905331	92905831	295
chr12	122326465	122326965	290
chr14	68948573	68949073	309
chr14	98137605	98138105	189
chr17	20246670	20247170	285
chr18	58603305	58603805	169
chr2	136124197	136124697	123
chr2	174900876	174901376	209
chr4	17651602	17652102	360
chr6	27374358	27374858	153
chr6	134534613	134535113	304
chr6	142686093	142686593	283
chr7	111019283	111019783	147
chr9	20514575	20515075	281
chrX	74940364	74940864	222
chr16	4414244	4414744	2047
chr17	1870566	1871066	810
chr1	161218479	161218979	386
chr16	4081425	4081925	431
chr16	3509488	3509988	1060
chr11	18672123	18672623	964
chr4	184967667	184968167	327
chr14	98203374	98203874	294
chr4	108004170	108004670	312
chr6	137799901	137800401	625
chr9	122816115	122816615	620
chr18	13216076	13216576	999
chr2	236968714	236969214	272
chr20	1646790	1647290	195
chr17	43906865	43907365	421
chrX	41383042	41383542	680
chr6	7195965	7196465	304
chr13	25971354	25971854	724
chr19	18023787	18024287	1436
chr1	25618400	25618900	254
chr11	58726548	58727048	330
chr2	172484287	172484787	378
chr8	22540345	22540845	1704
chr5	158435292	158435792	639
chr1	194052456	194052956	641
chr10	6593093	6593593	435
chr6	11723214	11723714	297
chr20	57657696	57658196	689
chr1	87044772	87045272	841
chr8	20273664	20274164	334
chr12	6168726	6169226	432
chr10	119655373	119655873	577
chr5	177434283	177434783	363
chr9	35495995	35496495	355
chr5	81003996	81004496	296
chr3	111610132	111610632	959
chr4	108050156	108050656	259
chr6	119078484	119078984	1142
chr12	132904663	132905163	927
chr9	120879386	120879886	360
chr17	14201016	14201516	1106
chr7	142362308	142362808	495
chr16	85306135	85306635	1011
chr18	62088085	62088585	448
chr17	35210705	35211205	475
chr14	99243375	99243875	689
chr10	119653125	119653625	529
chr19	56538196	56538696	1322
chr12	47832902	47833402	767
chr5	96896104	96896604	842
chr1	2231894	2232394	939
chr3	68007691	68008191	558
chr13	29954051	29954551	698
chr8	128540878	128541378	1449
chr14	91870388	91870888	298
chr21	33293642	33294142	482
chr13	26012332	26012832	893
chr8	130068199	130068699	1306
chr6	111808475	111808975	292
chr4	22607323	22607823	496
chr14	98175334	98175834	468
chr4	108107067	108107567	351
chr12	103901250	103901750	363
chr13	74062171	74062671	815
chr17	1870063	1870563	215
chr18	74631980	74632480	466
chrX	20437646	20438146	371
chr10	7484411	7484911	1515
chr4	80138874	80139374	961
chr18	62033164	62033664	371
chr4	108043530	108044030	301
chr11	44596546	44597046	647
chr6	157755690	157756190	492
chr1	43274295	43274795	450
chr3	42345725	42346225	351
chr1	58324483	58324983	439
chr14	99245614	99246114	298
chr22	39241757	39242257	1381
chr2	197311258	197311758	299
chr6	79702681	79703181	513
chr3	72375556	72376056	300
chr20	62030759	62031259	569
chr17	63707224	63707724	348
chr11	118224767	118225267	1814
chr17	4980517	4981017	500
chr9	35940448	35940948	513
chr16	380043	380543	416
chr18	2589343	2589843	371
chr18	58755203	58755703	258
chr5	57451513	57452013	429
chr12	21677562	21678062	629
chr22	30941337	30941837	407
chr11	128550918	128551418	622
chr4	74308100	74308600	443
chr15	72232071	72232571	828
chr2	112154704	112155204	472
chr18	3466810	3467310	502
chr6	29641730	29642230	531
chr10	14572366	14572866	523
chr1	156178173	156178673	504
chr15	57586969	57587469	382
chr3	71444781	71445281	549
chr17	14203360	14203860	631
chr2	105398790	105399290	545
chr11	14645081	14645581	686
chr10	31136978	31137478	360
chr10	74194474	74194974	415
chr10	13348654	13349154	716
chr6	167119625	167120125	1310
chr16	70737410	70737910	1170
chr12	6445319	6445819	203
chr1	11905527	11906027	468
chr9	85803200	85803700	540
chr2	135590842	135591342	415
chr6	166760267	166760767	315
chr2	69644980	69645480	1105
chr4	1253797	1254297	300
chr1	154439516	154440016	446
chr16	11263749	11264249	824
chr22	20322698	20323198	300
chr1	108079612	108080112	620
chr10	74586017	74586517	1261
chr18	74196290	74196790	723
chr2	105798500	105799000	1348
chr2	233399379	233399879	365
chr2	98716011	98716511	402
chr19	46493219	46493719	323
chr14	98912598	98913098	649
chr9	68895996	68896496	636
chr18	45998209	45998709	369
chr19	22634002	22634502	872
chr13	40494415	40494915	691
chr4	95156074	95156574	458
chr17	3738590	3739090	371
chr5	1316499	1316999	469
chr6	147109649	147110149	442
chr6	139028474	139028974	1724
chr3	30631233	30631733	1833
chr6	135116515	135117015	500
chr19	19598640	19599140	1195
chr6	107731667	107732167	779
chr8	124644033	124644533	796
chr1	98849910	98850410	413
chr2	7031618	7032118	687
chr4	8228826	8229326	979
chr8	124563521	124564021	788
chr10	7159455	7159955	252
chr13	99204670	99205170	933
chr19	46520006	46520506	180
chr5	56316245	56316745	258
chr5	176133513	176134013	301
chr12	46454961	46455461	260
chr12	123457712	123458212	399
chr4	142128531	142129031	286
chr1	183033105	183033605	203
chr1	223331309	223331809	261
chr10	26604252	26604752	310
chr3	18440362	18440862	209
chr7	1824543	1825043	397
chr8	17651566	17652066	241
chr9	5301469	5301969	155
chr22	42180212	42180712	1031
chr14	68772731	68773231	568
chr4	122434233	122434733	263
chr7	150735894	150736394	238
chr19	19597884	19598384	1227
chr12	124006507	124007007	473
chr1	8407624	8408124	293
chr14	99196601	99197101	220
chr2	172943512	172944012	378
chr7	157874859	157875359	275
chr3	31230496	31230996	621
chr13	25974042	25974542	139
chr2	172472399	172472899	327
chr21	32731116	32731616	195
chr14	97719884	97720384	581
chr18	8755474	8755974	1099
chr6	90267447	90267947	226
chr6	27375042	27375542	748
chr16	31695627	31696127	1374
chr1	36359823	36360323	515
chr13	26045063	26045563	144
chr17	75822003	75822503	360
chr9	4238194	4238694	227
chr9	20356252	20356752	381
chr3	183516195	183516695	682
chr5	1294464	1294964	182
chr7	99693324	99693824	348
chr13	32791061	32791561	151
chr4	22672846	22673346	289
chr7	111098580	111099080	356
chr17	66255580	66256080	279
chr12	103373214	103373714	171
chr14	49976969	49977469	1077
chr3	138834078	138834578	670
chr1	32272459	32272959	567
chr10	6597458	6597958	339
chr12	47824116	47824616	820
chr10	123160533	123161033	755
chr5	56190487	56190987	344
chr18	74493573	74494073	778
chr8	132979087	132979587	965
chr4	40550813	40551313	622
chr7	152144808	152145308	755
chr8	27319850	27320350	814
chr6	90081087	90081587	878
chr5	39209869	39210369	2008
chr1	35506983	35507483	556
chr19	6362474	6362974	853
chr7	148912957	148913457	568
chr8	141265397	141265897	1030
chr9	89444155	89444655	1089
chr2	44237158	44237658	765
chr14	99259211	99259711	1081
chr2	136127284	136127784	612
chr19	56507521	56508021	1216
chr17	75721063	75721563	861
chr2	26772264	26772764	769
chr6	16483437	16483937	1018
chr16	695140	695640	819
chr7	30726670	30727170	533
chr3	112074900	112075400	751
chr10	11684941	11685441	1442
chr13	99306231	99306731	480
chr1	17958555	17959055	218
chr1	150841620	150842120	406
chr1	213871122	213871622	267
chr1	222670115	222670615	242
chr11	35247365	35247865	1946
chr11	96016076	96016576	583
chr13	25881075	25881575	202
chr13	94559372	94559872	333
chr14	21749437	21749937	194
chr15	98650536	98651036	937
chr17	67433173	67433673	197
chr17	76238035	76238535	181
chr19	50639102	50639602	179
chr2	101823173	101823673	550
chr2	143152591	143153091	488
chr2	160417745	160418245	226
chr2	168751035	168751535	1354
chr2	172441340	172441840	239
chr20	53034858	53035358	334
chr21	31185573	31186073	365
chr21	35021966	35022466	261
chr4	108301786	108302286	209
chr4	153497181	153497681	975
chr5	56006042	56006542	232
chr5	99087093	99087593	252
chr6	142732724	142733224	177
chr7	3722448	3722948	177
chr8	42005955	42006455	161
chr9	20740892	20741392	247
chr9	89468967	89469467	627
chr9	109097068	109097568	269
chr2	105895866	105896366	572
chr9	129027607	129028107	855
chr10	26468738	26469238	845
chr14	70941540	70942040	1181
chr4	140049165	140049665	658
chr3	120348602	120349102	1145
chr15	91472139	91472639	874
chr20	754879	755379	383
chr20	59145796	59146296	580
chr17	10744331	10744831	477
chr21	32914603	32915103	481
chr11	119115303	119115803	856
chr20	18805719	18806219	364
chr11	14074985	14075485	907
chr1	229343121	229343621	654
chr6	3456411	3456911	446
chr17	66246314	66246814	1266
chr17	68168342	68168842	382
chr17	76643539	76644039	425
chr6	127918432	127918932	1097
chrX	4240809	4241309	328
chr9	122846246	122846746	398
chrX	123803485	123803985	414
chr10	97850440	97850940	241
chr20	1330012	1330512	282
chr1	198958950	198959450	357
chr1	225897071	225897571	1919
chr4	38949330	38949830	734
chr5	134120542	134121042	287
chr8	67339474	67339974	296
chr8	120672884	120673384	279
chr17	31310216	31310716	1098
chr1	64550456	64550956	454
chr1	77267004	77267504	387
chrX	39311586	39312086	375
chr1	27521261	27521761	541
chr21	42738059	42738559	579
chr5	35880867	35881367	176
chr10	13440393	13440893	431
chr3	45117828	45118328	930
chr15	40125216	40125716	269
chr16	84549190	84549690	947
chr11	72423748	72424248	446
chr2	30334858	30335358	388
chr10	1938952	1939452	623
chr2	54708405	54708905	245
chr7	134710482	134710982	241
chr3	133490918	133491418	690
chr21	35138736	35139236	376
chr10	80443630	80444130	399
chr11	129842139	129842639	350
chr13	39777741	39778241	317
chr20	1731770	1732270	672
chr2	11757078	11757578	357
chr2	112995243	112995743	277
chr8	42338171	42338671	1500
chr14	98994518	98995018	321
chr12	92234406	92234906	331
chr5	134068440	134068940	161
chr17	40597065	40597565	365
chr17	416706	417206	879
chr2	64819710	64820210	1356
chr16	1537939	1538439	295
chr2	161244461	161244961	1630
chr12	8644825	8645325	680
chr18	58658140	58658640	2042
chr21	46626404	46626904	492
chr11	134027659	134028159	638
chr1	64470071	64470571	650
chr2	106078002	106078502	260
chr8	42741673	42742173	250
chr17	40426831	40427331	525
chr12	55930874	55931374	1338
chr22	39598107	39598607	371
chr5	159987036	159987536	562
chrX	53071499	53071999	991
chr11	47888114	47888614	472
chr12	94980522	94981022	341
chr12	6434077	6434577	607
chrX	133985417	133985917	250
chr10	14382031	14382531	385
chr21	42393106	42393606	370
chr3	101850370	101850870	1656
chr2	42128028	42128528	568
chr6	135183762	135184262	712
chr2	218288881	218289381	385
chr2	196163273	196163773	377
chr10	69515582	69516082	328
chr3	129313549	129314049	474
chr21	31655150	31655650	499
chr8	120775186	120775686	733
chr12	44863853	44864353	614
chr2	54589475	54589975	551
chr1	173205696	173206196	995
chr20	44055982	44056482	361
chr22	42293951	42294451	595
chr3	71064289	71064789	1572
chr7	150684827	150685327	158
chr5	134086252	134086752	291
chr5	134113391	134113891	406
chr1	108077941	108078441	776
chr3	32114129	32114629	680
chr10	74824031	74824531	365
chr3	57803750	57804250	321
chr12	132872801	132873301	420
chr6	35601204	35601704	713
chr12	96335175	96335675	239
chr16	68426020	68426520	386
chr5	119299456	119299956	1190
chrX	1232048	1232548	341
chr14	106200471	106200971	325
chr17	10845057	10845557	396
chr2	195559519	195560019	1881
chr6	35348378	35348878	785
chr7	103811912	103812412	396
chr5	131747192	131747692	325
chrX	1620929	1621429	425
chr1	2840312	2840812	834
chr1	198614586	198615086	404
chr8	124579537	124580037	473
chr9	71769345	71769845	1036
chr1	109501907	109502407	562
chr14	100546292	100546792	861
chr2	198326360	198326860	457
chr11	2093049	2093549	503
chr11	83122715	83123215	361
chr12	4251188	4251688	434
chr2	197904399	197904899	246
chr1	31670007	31670507	278
chr5	142109249	142109749	936
chr10	68314251	68314751	508
chr20	36967591	36968091	509
chr7	130986124	130986624	418
chr14	22052116	22052616	463
chr5	35780168	35780668	810
chr12	110585130	110585630	359
chr15	43151643	43152143	503
chr6	52307869	52308369	609
chr6	135030116	135030616	467
chr10	119502286	119502786	2036
chr14	97974587	97975087	308
chr6	148204000	148204500	427
chr16	84765847	84766347	587
chr12	15788607	15789107	424
chr2	109331795	109332295	321
chr1	174968676	174969176	1284
chr20	36946888	36947388	424
chr4	112183268	112183768	328
chr2	105746262	105746762	891
chr12	44828021	44828521	1030
chr1	23423665	23424165	268
chr2	234102038	234102538	483
chr11	76232028	76232528	767
chr11	14765111	14765611	1547
chr6	11901154	11901654	281
chr20	36856565	36857065	432
chr1	12345801	12346301	308
chr1	160070381	160070881	609
chr14	100081418	100081918	1098
chr15	87681024	87681524	551
chr2	231124876	231125376	318
chr8	22691504	22692004	412
chr2	203720816	203721316	334
chrX	96682481	96682981	423
chr16	11665161	11665661	577
chr17	78272513	78273013	547
chr2	113203867	113204367	896
chr15	25861215	25861715	344
chr7	150676824	150677324	1026
chr17	68414828	68415328	407
chr5	81007489	81007989	330
chr12	130826201	130826701	377
chr10	4825934	4826434	1459
chr20	1686290	1686790	449
chr9	129236448	129236948	333
chr7	50321626	50322126	1018
chr3	119294932	119295432	833
chr4	127965708	127966208	1001
chr11	121449049	121449549	1258
chr2	224933349	224933849	314
chr1	244918653	244919153	666
chr11	13923974	13924474	1453
chr20	41480029	41480529	297
chr4	140151601	140152101	1324
chr14	54773939	54774439	637
chr8	106271035	106271535	364
chr1	39691753	39692253	1045
chr3	172537026	172537526	349
chrX	1554872	1555372	2181
chr1	154791160	154791660	1502
chr5	178895631	178896131	296
chr8	61004495	61004995	491
chr10	72248037	72248537	1597
chr13	94507191	94507691	393
chr1	169711415	169711915	850
chr17	80847417	80847917	827
chr8	26440812	26441312	535
chr16	58501235	58501735	288
chr16	28987753	28988253	962
chr6	63571470	63571970	736
chr15	63436762	63437262	925
chr6	5174202	5174702	1032
chr10	15141650	15142150	152
chr17	56598577	56599077	263
chr2	160608663	160609163	208
chr4	38325753	38326253	205
chr8	125909146	125909646	230
chr9	128030883	128031383	1614
chr20	26308848	26309348	295
chr6	24282867	24283367	218
chr9	101573341	101573841	338
chr9	125521703	125522203	813
chr20	62892844	62893344	378
chr1	43295657	43296157	172
chr1	207749096	207749596	261
chr11	47118921	47119421	429
chr3	125381697	125382197	306
chr4	108110108	108110608	155
chrX	120790008	120790508	208
chr1	77282093	77282593	659
chr2	218979952	218980452	804
chr16	28985477	28985977	367
chr14	99199406	99199906	247
chr5	55600635	55601135	255
chr5	178120848	178121348	1378
chr2	98656700	98657200	871
chr2	197279776	197280276	188
chr4	89528408	89528908	251
chr8	99699616	99700116	218
chr1	89844803	89845303	320
chr15	64624197	64624697	203
chr19	47189281	47189781	190
chr3	71662407	71662907	191
chr10	69359555	69360055	613
chr1	226729238	226729738	140
chr2	236969974	236970474	525
chr22	31497079	31497579	1411
chr12	12561424	12561924	1078
chr11	96207642	96208142	797
chr15	51767941	51768441	271
chr17	73827864	73828364	577
chr2	189304305	189304805	755
chr3	71308749	71309249	143
chr6	10721161	10721661	151
chr12	46214984	46215484	2216
chr12	3879129	3879629	245
chr3	187746571	187747071	239
chr6	6610260	6610760	985
chr13	41462638	41463138	458
chr12	44842566	44843066	212
chr1	174068018	174068518	295
chr3	189948443	189948943	99
chr7	16646730	16647230	153
chr17	65559908	65560408	503
chr14	106510863	106511363	1248
chr5	75052375	75052875	757
chr1	8472537	8473037	480
chr5	55096143	55096643	598
chr7	140376244	140376744	815
chr7	140263223	140263723	846
chr15	88894194	88894694	720
chr16	57141788	57142288	560
chr8	20435288	20435788	1461
chr16	74608910	74609410	596
chr10	47261063	47261563	781
chr4	40190736	40191236	681
chr18	23977985	23978485	546
chr3	18712847	18713347	529
chr15	64503601	64504101	709
chr2	84919360	84919860	473
chr9	131266121	131266621	463
chr17	50909147	50909647	724
chr11	118398728	118399228	1073
chr2	10305699	10306199	476
chr5	37111695	37112195	502
chr3	45005794	45006294	467
chr2	241102803	241103303	375
chr10	7271868	7272368	442
chr2	15142049	15142549	790
chr10	17428721	17429221	1704
chr1	160084008	160084508	674
chr10	119541445	119541945	605
chr13	43057510	43058010	639
chr1	119294687	119295187	129
chr1	214018790	214019290	304
chr1	226644535	226645035	135
chr10	12635018	12635518	190
chr10	110872637	110873137	1564
chr11	63235401	63235901	314
chr11	128716895	128717395	869
chr12	66903905	66904405	166
chr12	66929060	66929560	185
chr12	108646074	108646574	207
chr14	69746222	69746722	157
chr14	98230260	98230760	141
chr14	99215368	99215868	146
chr15	56981117	56981617	214
chr15	66472060	66472560	1153
chr15	101180550	101181050	174
chr17	2945262	2945762	291
chr17	8110159	8110659	1013
chr17	39017295	39017795	149
chr17	39172967	39173467	102
chr17	49872966	49873466	208
chr17	78719889	78720389	109
chr17	80614263	80614763	201
chr18	3097011	3097511	854
chr18	38575475	38575975	239
chr18	47901671	47902171	994
chr18	56873753	56874253	275
chr18	58502604	58503104	257
chr18	74108440	74108940	129
chr19	48244219	48244719	548
chr19	55585724	55586224	164
chr19	56671551	56672051	644
chr2	162021569	162022069	149
chr20	26279130	26279630	217
chr20	32513147	32513647	114
chr21	31182729	31183229	193
chr21	31268043	31268543	255
chr21	33185814	33186314	585
chr3	18988565	18989065	166
chr3	43060540	43061040	292
chr3	112490885	112491385	130
chr3	134374169	134374669	133
chr4	113902424	113902924	223
chr5	56328949	56329449	594
chr5	77277687	77278187	182
chr5	138871752	138872252	213
chr5	140244407	140244907	339
chr6	3449264	3449764	226
chr6	90219604	90220104	265
chr6	101265958	101266458	274
chr6	135022274	135022774	223
chr6	142355732	142356232	284
chr6	161111207	161111707	413
chr7	98841700	98842200	175
chr7	111092643	111093143	183
chr9	7570068	7570568	241
chr9	127973283	127973783	239
chrX	1570417	1570917	820
chrX	21772990	21773490	245
chrX	137234964	137235464	376
chrX	153911745	153912245	176
chr15	31207188	31207688	742
chr12	67541507	67542007	267
chr10	109935170	109935670	334
chr17	64146338	64146838	934
chr14	99223593	99224093	166
chr5	180618826	180619326	269
chr2	1162703	1163203	595
chr20	26288476	26288976	415
chr14	65287711	65288211	1229
chr13	94558607	94559107	271
chr6	139159808	139160308	181
chr17	35274653	35275153	406
chr6	42452953	42453453	1283
chr17	7478152	7478652	416
chr4	153429117	153429617	385
chr11	128544622	128545122	564
chr3	71416857	71417357	562
chr11	72333615	72334115	324
chr8	70616749	70617249	476
chr15	100571508	100572008	397
chr8	30115972	30116472	178
chr8	141391695	141392195	1085
chrX	9456491	9456991	1058
chr20	3077487	3077987	373
chr5	80247147	80247647	390
chr8	23456054	23456554	391
chr1	8946379	8946879	502
chr12	7640300	7640800	1069
chr13	75766507	75767007	382
chr7	17941129	17941629	291
chr9	110030106	110030606	285
chr19	16243980	16244480	336
chr11	12356887	12357387	512
chr3	32296654	32297154	659
chr2	26519532	26520032	667
chr20	37194648	37195148	336
chr7	39987629	39988129	484
chr3	14884625	14885125	622
chr1	234611496	234611996	1008
chr13	45850608	45851108	298
chr14	101780753	101781253	165
chr6	90233156	90233656	281
chr7	142477222	142477722	401
chr18	35970167	35970667	514
chr1	179709764	179710264	433
chr7	832189	832689	889
chr5	149348366	149348866	766
chr2	73269273	73269773	846
chr10	62528458	62528958	1060
chr16	85449015	85449515	257
chr1	206913345	206913845	103
chr17	76193512	76194012	420
chr19	15555746	15556246	1488
chr11	66071464	66071964	341
chr18	23943101	23943601	350
chr9	121106958	121107458	318
chr17	80667856	80668356	349
chr8	30099908	30100408	996
chr9	15354743	15355243	420
chr9	99129074	99129574	328
chr15	33148290	33148790	472
chr15	59976496	59976996	1223
chr6	52331705	52332205	194
chr1	204521248	204521748	1144
