chr20	43682016	43682516	152
chr6	26360437	26360937	146
chr5	56142817	56143317	144
chr7	131124212	131124712	150
chr16	88968032	88968532	129
chr20	43751164	43751664	141
chr1	10189658	10190158	141
chr22	22931753	22932253	119
chr5	54786123	54786623	146
chr15	70014836	70015336	112
chr1	230109799	230110299	104
chr20	33883069	33883569	105
chr15	67784366	67784866	119
chr3	101700945	101701445	109
chr2	216113507	216114007	109
chr5	61319705	61320205	106
chr5	108521222	108521722	96
chr9	136899195	136899695	114
chr18	26460559	26461059	103
chr21	43352591	43353091	130
chr22	23844295	23844795	113
chr6	151757512	151758012	131
chr1	206050662	206051162	150
chr1	226127505	226128005	113
chr3	101791822	101792322	105
chr20	24842952	24843452	112
chr4	75099303	75099803	113
chr16	14405867	14406367	105
chr10	11664034	11664534	112
chr7	139725000	139725500	102
chr8	134601570	134602070	108
chr7	2894476	2894976	107
chr1	117654600	117655100	134
chr22	17257773	17258273	161
chr1	157524095	157524595	84
chr10	91210413	91210913	83
chr12	4119119	4119619	120
chr16	11964848	11965348	96
chr19	3065601	3066101	122
chr17	77147324	77147824	100
chr15	69979706	69980206	124
chr17	75320011	75320511	79
chr20	62339571	62340071	93
chr5	89343690	89344190	112
chr6	7963187	7963687	98
chr12	94561892	94562392	94
chr6	156395217	156395717	88
chr4	40515292	40515792	102
chr10	110356543	110357043	138
chr22	22935590	22936090	142
chr6	134870860	134871360	89
chr5	139638290	139638790	135
chr6	116087560	116088060	76
chr7	102305404	102305904	95
chr12	92702964	92703464	90
chr18	9673264	9673764	122
chr8	11537668	11538168	103
chr3	133620115	133620615	105
chr2	231671629	231672129	92
chr14	80959427	80959927	129
chr1	37288831	37289331	81
chr15	89761065	89761565	79
chr21	24955523	24956023	87
chr4	1215423	1215923	90
chr6	7916914	7917414	97
chr19	41535070	41535570	91
chr5	159987036	159987536	92
chr6	156279316	156279816	94
chr18	55322249	55322749	100
chr4	140742355	140742855	77
chr12	116194816	116195316	87
chr6	106167159	106167659	85
chr7	75662736	75663236	93
chr4	2696418	2696918	95
chr1	147611062	147611562	90
chr10	11242359	11242859	74
chr2	181312455	181312955	104
chr2	98460787	98461287	125
chr6	42269527	42270027	89
chr16	88045822	88046322	125
chr12	26124788	26125288	85
chr11	82969812	82970312	66
chr6	43714878	43715378	84
chr9	90923806	90924306	82
chr4	53748238	53748738	116
chr11	73152804	73153304	78
chr16	21359969	21360469	103
chr19	16134520	16135020	84
chr20	57680157	57680657	80
chr5	173821158	173821658	98
chr7	102441524	102442024	98
chr8	6428749	6429249	86
chr16	88069374	88069874	103
chr10	33151271	33151771	116
chr7	152158734	152159234	104
chr16	46884016	46884516	158
chr2	111705770	111706270	101
chr2	98483178	98483678	86
chr20	37308657	37309157	90
chr20	41011590	41012090	105
chr1	117632091	117632591	79
chr1	157806671	157807171	94
chr11	102474587	102475087	86
chr11	126188492	126188992	83
chr15	90786594	90787094	71
chr18	9066690	9067190	94
chr4	75181304	75181804	86
chr14	102901579	102902079	75
chr4	54315445	54315945	83
chr11	110373099	110373599	99
chr20	25281536	25282036	104
chr4	143357128	143357628	82
chr7	102306888	102307388	113
chr20	62886216	62886716	89
chr20	49751028	49751528	74
chr1	154860296	154860796	86
chr17	3558518	3559018	85
chr12	1554413	1554913	87
chr12	47868530	47869030	69
chr14	65301887	65302387	72
chr16	68756846	68757346	64
chr18	23242142	23242642	82
chr19	45706417	45706917	60
chr2	33494016	33494516	69
chr3	177751691	177752191	75
chr15	52658911	52659411	88
chr1	110634738	110635238	82
chr5	124583726	124584226	89
chr8	23447346	23447846	81
chr11	64851181	64851681	88
chr5	56588903	56589403	143
chr5	59562707	59563207	91
chr13	111304084	111304584	84
chr5	151233508	151234008	70
chr2	230589381	230589881	89
chr8	38957429	38957929	106
chr19	45118667	45119167	93
chr9	27489116	27489616	81
chr10	124035809	124036309	133
chr16	17134497	17134997	76
chr16	87774620	87775120	78
chr17	50080741	50081241	85
chr19	1648524	1649024	81
chr5	89301549	89302049	79
chr8	41622844	41623344	81
chr8	102290022	102290522	97
chr12	76158755	76159255	107
chr11	67113248	67113748	87
chr7	1024202	1024702	95
chr20	58907644	58908144	79
chr13	109162145	109162645	106
chr17	16988107	16988607	148
chr9	137738192	137738692	89
chr3	194101007	194101507	76
chr12	122067933	122068433	83
chr15	80977604	80978104	84
chr4	184283255	184283755	88
chr13	31073874	31074374	77
chr3	115187004	115187504	70
chr9	123679426	123679926	90
chr1	31744434	31744934	77
chr1	206739497	206739997	97
chr11	126465506	126466006	105
chr19	954782	955282	73
chr19	46824184	46824684	56
chr19	47262346	47262846	83
chr2	111157789	111158289	68
chr2	226906055	226906555	80
chr20	17856173	17856673	89
chr20	47453368	47453868	76
chr22	36901670	36902170	80
chr3	31754423	31754923	63
chr3	170044828	170045328	78
chr3	187015935	187016435	69
chr4	40515794	40516294	60
chr6	119442740	119443240	88
chr7	76387764	76388264	74
chr9	33988428	33988928	63
chr18	51153519	51154019	111
chr6	88641423	88641923	77
chr7	2566882	2567382	83
chr11	73249321	73249821	87
chr17	16989184	16989684	104
chr2	201223303	201223803	75
chr2	64932420	64932920	111
chr8	128111827	128112327	74
chr15	75042973	75043473	198
chr6	37155363	37155863	73
chr9	127911121	127911621	101
chr11	128469061	128469561	84
chr16	53061547	53062047	71
chr3	31917253	31917753	77
chr4	143358930	143359430	92
chr1	117631282	117631782	61
chr8	60703183	60703683	76
chr1	21791557	21792057	76
chr19	2664094	2664594	81
chr16	71816491	71816991	80
chr6	52497609	52498109	85
chr1	9162748	9163248	77
chr10	123398093	123398593	78
chr16	87810358	87810858	125
chr17	45440762	45441262	82
chr19	51606953	51607453	73
chr2	142892555	142893055	62
chr22	47996422	47996922	76
chr5	1341798	1342298	76
chr5	157861242	157861742	74
chr6	157571351	157571851	68
chr8	125290238	125290738	66
chr1	161176742	161177242	80
chr1	204564777	204565277	95
chr8	65982048	65982548	94
chr12	68374221	68374721	107
chr12	122926802	122927302	85
chr13	98853686	98854186	80
chr11	118820830	118821330	63
chr16	88978633	88979133	86
chr20	4134850	4135350	67
chr19	38033684	38034184	71
chr3	108388361	108388861	68
chr5	124952100	124952600	65
chr9	127983801	127984301	79
chr21	33268889	33269389	78
chr10	62000165	62000665	65
chr20	47468167	47468667	74
chr16	74774644	74775144	87
chr22	28819381	28819881	71
chr1	117686391	117686891	74
chr16	23335821	23336321	88
chr15	74627190	74627690	117
chr12	122875517	122876017	67
chr2	88765575	88766075	72
chr4	6992546	6993046	69
chr4	86939561	86940061	118
chr4	184281343	184281843	79
chr9	90774585	90775085	87
chr7	25968561	25969061	95
chr10	100014151	100014651	74
chr12	24862159	24862659	69
chr14	73770582	73771082	87
chr14	95327790	95328290	67
chr17	4018316	4018816	69
chr17	42618442	42618942	62
chr17	75664003	75664503	60
chr2	17518280	17518780	73
chr20	25014912	25015412	61
chr3	187065193	187065693	85
chr4	25875170	25875670	59
chr5	126615236	126615736	66
chr5	157860709	157861209	64
chr6	11386186	11386686	71
chr6	105757476	105757976	62
chr6	157800907	157801407	49
chr8	133670781	133671281	70
chr9	22104945	22105445	57
chr9	90971986	90972486	77
chr6	52552097	52552597	79
chr11	111379158	111379658	92
chr10	74585257	74585757	64
chr12	110776519	110777019	65
chr7	24917894	24918394	75
chr1	204578962	204579462	92
chr13	28429857	28430357	66
chr3	23202793	23203293	63
chr3	122609935	122610435	85
chr8	125330650	125331150	71
chr3	129058276	129058776	78
chr2	88600030	88600530	62
chr17	67650637	67651137	94
chr1	157510563	157511063	74
chr6	137102927	137103427	90
chr11	115222418	115222918	89
chr21	45464926	45465426	57
chr6	89357230	89357730	76
chr17	79340750	79341250	82
chr8	109525093	109525593	81
chr3	195208054	195208554	81
chr1	230123673	230124173	85
chr10	14926633	14927133	54
chr17	42578532	42579032	96
chr12	42299255	42299755	74
chr1	9008179	9008679	60
chr1	39598490	39598990	53
chr1	39776180	39776680	73
chr11	103898538	103899038	65
chr14	96888066	96888566	68
chr18	58792026	58792526	64
chr19	45137182	45137682	63
chr2	8606220	8606720	61
chr2	151840415	151840915	54
chr20	31705601	31706101	58
chr22	43118854	43119354	64
chr3	143535982	143536482	57
chr3	194084223	194084723	71
chr4	185479330	185479830	49
chr5	124453607	124454107	63
chr5	137758592	137759092	46
chr7	7960193	7960693	59
chr7	92737710	92738210	71
chr8	69979958	69980458	66
chr9	33454252	33454752	70
chr17	3914228	3914728	84
chr3	45612789	45613289	86
chr19	947692	948192	102
chr19	29837404	29837904	88
chr14	92704258	92704758	116
chr20	47416489	47416989	98
chr12	49369744	49370244	74
chr20	43681362	43681862	59
chr12	110531644	110532144	53
chr11	107859784	107860284	62
chr20	36863617	36864117	105
chr7	55534309	55534809	140
chr7	98202389	98202889	133
chr8	33554787	33555287	100
chr21	41868280	41868780	73
chr3	41522666	41523166	64
chr10	13340593	13341093	72
chr1	230123139	230123639	70
chr16	21554679	21555179	125
chr16	68756233	68756733	66
chr14	92775288	92775788	63
chr1	156496040	156496540	62
chr2	127829874	127830374	78
chr2	54634402	54634902	55
chr7	116671984	116672484	66
chr11	126189060	126189560	66
chr11	77589661	77590161	69
chr3	170056729	170057229	58
chr2	227164025	227164525	77
chr2	237057932	237058432	62
chr1	206053144	206053644	78
chr1	243313819	243314319	51
chr10	6779967	6780467	60
chr10	94344671	94345171	53
chr11	2459757	2460257	66
chr12	110913408	110913908	70
chr16	84088668	84089168	66
chr17	34382841	34383341	59
chr17	50828371	50828871	56
chr2	172596690	172597190	56
chr2	227308723	227309223	62
chr22	17964577	17965077	60
chr22	19118308	19118808	69
chr3	13332168	13332668	97
chr3	106302436	106302936	68
chr3	197734564	197735064	60
chr4	14177995	14178495	58
chr5	89313879	89314379	64
chr5	131381746	131382246	55
chr7	22447756	22448256	73
chr7	37709817	37710317	57
chr7	102445030	102445530	62
chr7	105304345	105304845	53
chr8	60051500	60052000	52
chr8	69833840	69834340	68
chr8	85200362	85200862	79
chr8	102824172	102824672	70
chr2	240584526	240585026	105
chr16	1331706	1332206	112
chr8	60909469	60909969	105
chr1	66282314	66282814	99
chr2	98487495	98487995	69
chr2	230873621	230874121	65
chr8	102813657	102814157	73
chr11	126305590	126306090	63
chr19	29815241	29815741	89
chr19	45075299	45075799	114
chr8	65879265	65879765	64
chr2	201980197	201980697	56
chr5	32583489	32583989	76
chr12	94817977	94818477	91
chr17	16970233	16970733	75
chr18	44759279	44759779	94
chr3	31980654	31981154	104
chr5	157502020	157502520	59
chr7	47670638	47671138	88
chr2	190180163	190180663	78
chr5	1315770	1316270	113
chr9	93061950	93062450	72
chr10	92756497	92756997	80
chr10	124106380	124106880	67
chr4	76199582	76200082	65
chr10	123402521	123403021	90
chr11	48106048	48106548	72
chr5	14226126	14226626	64
chr1	93014679	93015179	46
chr1	93328892	93329392	61
chr1	200866550	200867050	77
chr1	225942526	225943026	64
chr10	15787429	15787929	63
chr10	93267448	93267948	63
chr10	98340329	98340829	48
chr10	110358185	110358685	50
chr11	41309108	41309608	57
chr13	41502649	41503149	58
chr13	112803275	112803775	50
chr15	40409284	40409784	54
chr16	15908002	15908502	64
chr17	77491809	77492309	60
chr2	25419552	25420052	59
chr2	47688973	47689473	55
chr2	111239074	111239574	46
chr20	33883638	33884138	55
chr20	36827477	36827977	49
chr20	52172599	52173099	57
chr20	53138900	53139400	62
chr20	62337375	62337875	63
chr22	26432558	26433058	64
chr3	72176499	72176999	66
chr3	186988731	186989231	58
chr3	189288455	189288955	50
chr4	114603348	114603848	80
chr4	159051541	159052041	63
chr5	126792314	126792814	51
chr5	134643220	134643720	54
chr6	52498367	52498867	60
chr6	90251284	90251784	50
chr6	119462964	119463464	64
chr7	55549438	55549938	55
chr7	139916940	139917440	57
chr9	6654869	6655369	64
chr11	63563945	63564445	85
chr6	157561324	157561824	74
chr6	156392624	156393124	89
chr1	110631291	110631791	107
chr3	141489149	141489649	71
chr1	226223926	226224426	61
chr15	70036474	70036974	70
chr18	74535169	74535669	75
chr5	14214233	14214733	97
chr1	178605934	178606434	67
chr17	82708032	82708532	56
chr4	53702237	53702737	61
chr9	123608145	123608645	69
chr7	2978313	2978813	103
chr5	124649677	124650177	83
chr6	36753043	36753543	105
chr8	6417807	6418307	77
chr2	33479369	33479869	56
chr12	106249672	106250172	63
chr3	195147365	195147865	96
chr4	15778088	15778588	106
chr17	4397081	4397581	58
chr18	12867641	12868141	66
chr5	14218434	14218934	81
chr17	4374944	4375444	75
chr5	32572983	32573483	64
chr2	230134423	230134923	48
chr6	88616249	88616749	58
chr1	153849352	153849852	64
chr6	15287639	15288139	63
chr3	129282550	129283050	58
chr9	112031988	112032488	49
chr15	32908407	32908907	99
chr1	38474719	38475219	70
chr7	104938913	104939413	69
chr6	1797144	1797644	71
chr15	85318209	85318709	54
chr10	94403490	94403990	50
chr11	104881045	104881545	50
chr12	23921370	23921870	49
chr12	121227216	121227716	58
chr16	81652781	81653281	51
chr2	112636471	112636971	49
chr2	226772757	226773257	72
chr3	31952186	31952686	64
chr3	114583008	114583508	59
chr3	195157092	195157592	70
chr5	60598372	60598872	56
chr5	113115019	113115519	59
chr5	169670731	169671231	47
chr6	4879590	4880090	58
chr6	52546621	52547121	45
chr6	100796349	100796849	60
chr6	106145551	106146051	45
chr6	106220497	106220997	54
chr7	18508433	18508933	44
chr8	133234572	133235072	51
chr12	96407698	96408198	85
chr2	201123694	201124194	95
chr8	133046295	133046795	77
chr1	205279882	205280382	60
chr18	55321665	55322165	60
chr7	128940411	128940911	91
chr7	25968060	25968560	79
chr13	100394218	100394718	77
chr17	16981172	16981672	60
chr7	23234650	23235150	76
chr10	5862187	5862687	77
chr10	5895668	5896168	75
chr10	12264369	12264869	92
chr10	15122612	15123112	61
chr12	120132773	120133273	70
chr1	21866059	21866559	65
chr10	95245318	95245818	65
chr9	131654993	131655493	78
chr12	94560768	94561268	58
chr3	49946687	49947187	61
chr3	25781584	25782084	60
chr5	5755824	5756324	68
chr3	141336817	141337317	55
chr12	132449561	132450061	76
chr19	55678047	55678547	90
chr2	60840763	60841263	80
chr3	143081984	143082484	78
chr11	18229461	18229961	57
chr14	73414944	73415444	66
chr2	37654863	37655363	74
chr2	46983117	46983617	74
chr17	28057871	28058371	75
chr16	21506981	21507481	123
chr14	55074711	55075211	66
chr16	14301938	14302438	60
chr5	177310761	177311261	67
chr3	16504259	16504759	80
chr17	77212425	77212925	65
chr1	171252510	171253010	67
chr19	18946875	18947375	49
chr1	154859757	154860257	50
chr12	116325148	116325648	90
chr12	122887504	122888004	55
chr6	89372399	89372899	86
chr1	247212011	247212511	56
chr4	184384112	184384612	85
chr10	89163567	89164067	66
chr11	103904243	103904743	56
chr2	88845737	88846237	56
chr11	65588123	65588623	111
chr1	117638648	117639148	51
chr1	206047327	206047827	48
chr10	22378491	22378991	32
chr11	126466352	126466852	47
chr12	6426992	6427492	62
chr12	11568694	11569194	65
chr12	46517181	46517681	49
chr12	47755483	47755983	38
chr12	70469187	70469687	43
chr12	124131029	124131529	62
chr13	114259897	114260397	55
chr16	11309803	11310303	65
chr16	11734046	11734546	49
chr16	85674809	85675309	53
chr17	32987050	32987550	47
chr17	77144229	77144729	49
chr2	98549067	98549567	53
chr2	232026838	232027338	52
chr21	37207992	37208492	65
chr22	43270459	43270959	82
chr3	10223615	10224115	68
chr3	115140970	115141470	51
chr3	119395742	119396242	44
chr3	121593261	121593761	52
chr3	183536186	183536686	74
chr4	78638595	78639095	70
chr4	176357649	176358149	47
chr5	96326809	96327309	65
chr6	149266637	149267137	48
chr6	149468827	149469327	55
chr8	39945232	39945732	38
chr9	6598066	6598566	45
chr10	45434023	45434523	67
chr15	88656720	88657220	83
chr2	110748429	110748929	101
chr20	25318582	25319082	65
chr4	15784855	15785355	68
chr11	67459827	67460327	83
chr5	57030116	57030616	64
chr8	33554102	33554602	78
chr3	104521827	104522327	77
chr8	118563982	118564482	107
chr22	22865550	22866050	75
chr12	113075167	113075667	70
chr22	36409911	36410411	78
chr8	94949895	94950395	61
chr6	52536486	52536986	59
chr10	11553981	11554481	67
chr16	11077754	11078254	78
chr4	185309697	185310197	58
chr8	60690639	60691139	63
chr20	33778463	33778963	74
chr1	220747967	220748467	57
chr15	45378363	45378863	73
chr3	115146481	115146981	69
chr5	112929253	112929753	57
chr6	24929165	24929665	53
chr1	9080221	9080721	55
chr12	112014456	112014956	75
chr17	17938628	17939128	57
chr1	1799628	1800128	55
chr19	10777191	10777691	54
chr4	75235530	75236030	53
chr15	75008976	75009476	63
chr2	157899096	157899596	66
chr20	53930249	53930749	68
chr2	227163361	227163861	57
chr19	48876336	48876836	76
chr11	30342680	30343180	57
chr19	18520805	18521305	88
chr8	118524869	118525369	53
chr1	59026046	59026546	49
chr12	6446165	6446665	86
chr2	148557833	148558333	65
chr14	106691536	106692036	62
chr10	17756714	17757214	55
chr6	157561844	157562344	73
chr4	74933222	74933722	65
chr5	157502605	157503105	44
chr7	90708715	90709215	61
chr7	106915732	106916232	73
chr2	47697180	47697680	55
chr1	156149343	156149843	61
chr17	4375445	4375945	47
chr2	224519986	224520486	57
chr15	31346499	31346999	89
chr6	106101787	106102287	63
chr3	53190639	53191139	60
chr1	28479505	28480005	58
chr1	107499363	107499863	49
chr1	178581237	178581737	61
chr1	186409069	186409569	48
chr10	95757893	95758393	70
chr11	120925932	120926432	51
chr12	6839694	6840194	48
chr12	92432531	92433031	45
chr12	106753451	106753951	58
chr12	125149670	125150170	53
chr14	65195035	65195535	47
chr15	60121629	60122129	68
chr17	4208949	4209449	53
chr17	9289899	9290399	47
chr17	9432434	9432934	43
chr17	17295086	17295586	48
chr17	17809089	17809589	53
chr17	32834885	32835385	64
chr19	48891302	48891802	49
chr2	12728145	12728645	109
chr2	25460568	25461068	46
chr2	84817216	84817716	51
chr2	127563477	127563977	65
chr3	10220649	10221149	66
chr3	58041839	58042339	46
chr3	64225217	64225717	50
chr3	113153492	113153992	44
chr3	172100955	172101455	45
chr3	186994005	186994505	41
chr4	4689485	4689985	40
chr4	74933869	74934369	41
chr4	185479847	185480347	41
chr6	7155745	7156245	47
chr6	151808081	151808581	38
chr6	157203372	157203872	53
chr8	125284816	125285316	44
chr8	141182171	141182671	40
chr9	1875935	1876435	54
chr9	90942496	90942996	46
chr9	129992056	129992556	58
chr15	70015860	70016360	56
chr6	167103106	167103606	64
chr13	48286858	48287358	66
chr14	105861943	105862443	72
chr6	156698204	156698704	63
chr11	43359402	43359902	73
chr18	44679395	44679895	50
chr20	36142839	36143339	68
chr6	90285618	90286118	100
chr12	52874028	52874528	87
chr12	26156550	26157050	52
chr19	11092686	11093186	70
chr4	76301377	76301877	83
chr7	16620060	16620560	58
chr9	110101406	110101906	39
chr12	108119183	108119683	49
chr4	152014258	152014758	59
chr1	180849314	180849814	38
chr12	121248558	121249058	58
chr15	31353190	31353690	86
chr6	32397103	32397603	62
chr9	81655287	81655787	56
chr3	194131167	194131667	74
chr10	133388845	133389345	86
chr2	54635052	54635552	46
chr3	194306232	194306732	51
chr1	161176022	161176522	68
chr10	95783693	95784193	51
chr12	104505191	104505691	46
chr14	71497665	71498165	47
chr18	57084441	57084941	55
chr3	196115709	196116209	60
chr12	120847754	120848254	49
chr2	63977904	63978404	58
chr5	1167605	1168105	54
chr12	132836780	132837280	42
chr17	17186051	17186551	63
chr17	64075964	64076464	48
chr7	139702757	139703257	57
chr6	166951099	166951599	116
chr1	117665463	117665963	57
chr18	54284910	54285410	65
chr10	12484641	12485141	44
chr22	17594548	17595048	60
chr6	21438144	21438644	49
chr9	33249186	33249686	52
chr9	81655800	81656300	62
chr18	50268290	50268790	102
chr12	116361212	116361712	68
chr19	17074313	17074813	59
chr12	32139640	32140140	54
chr5	173745133	173745633	71
chr1	195195297	195195797	62
chr5	32206731	32207231	51
chr19	2698775	2699275	86
chr19	15359960	15360460	57
chr8	10965538	10966038	59
chr1	226128021	226128521	49
chr5	169637000	169637500	105
chr12	31362937	31363437	80
chr4	7058228	7058728	47
chr6	157068640	157069140	57
chr15	63713067	63713567	56
chr5	89271287	89271787	57
chr6	95579110	95579610	53
chr20	3797999	3798499	61
chr2	88857971	88858471	44
chr20	47487207	47487707	122
chr9	121707968	121708468	58
chr10	12485193	12485693	51
chr3	194137453	194137953	68
chr1	153598813	153599313	62
chr6	52491443	52491943	49
chr7	28815798	28816298	81
chr6	41531794	41532294	103
chr19	55069600	55070100	60
chr5	61306614	61307114	51
chr8	141162827	141163327	46
chr2	111157102	111157602	46
chr20	57480705	57481205	53
chr1	157512010	157512510	53
chr10	124619789	124620289	67
chr17	76246456	76246956	96
chr1	93704014	93704514	63
chr14	60212609	60213109	63
chr5	1295143	1295643	68
chr1	156488455	156488955	72
chr12	31636590	31637090	67
chr21	33434676	33435176	53
chr4	123363664	123364164	66
chr5	132467629	132468129	72
chr1	36023393	36023893	43
chr1	37293456	37293956	44
chr1	38815812	38816312	51
chr1	113185663	113186163	45
chr1	167330816	167331316	40
chr1	178973302	178973802	43
chr1	203299149	203299649	50
chr1	226226576	226227076	48
chr11	66137503	66138003	44
chr11	68762954	68763454	60
chr12	997920	998420	46
chr12	26422910	26423410	53
chr12	67449560	67450060	61
chr12	96417745	96418245	57
chr12	112998974	112999474	57
chr12	130879106	130879606	51
chr13	98512216	98512716	50
chr13	98875070	98875570	49
chr14	65156599	65157099	44
chr14	103319352	103319852	47
chr15	38672768	38673268	50
chr17	32221208	32221708	47
chr17	77107401	77107901	45
chr17	78722285	78722785	45
chr19	12899792	12900292	60
chr2	18940136	18940636	45
chr2	88856687	88857187	44
chr2	223952143	223952643	41
chr20	25288596	25289096	52
chr20	37298148	37298648	38
chr20	47412034	47412534	43
chr22	33568079	33568579	48
chr3	13083832	13084332	38
chr3	46314436	46314936	51
chr3	61637352	61637852	59
chr3	121794545	121795045	50
chr3	129323800	129324300	49
chr3	170257012	170257512	36
chr4	42488015	42488515	49
chr5	96439423	96439923	32
chr5	149780584	149781084	52
chr6	7900537	7901037	47
chr6	52529287	52529787	53
chr6	69866404	69866904	48
chr6	135226462	135226962	59
chr6	156288324	156288824	50
chr6	156394693	156395193	38
chr7	24899788	24900288	55
chr8	69932490	69932990	37
chr9	137762295	137762795	44
chr15	80017647	80018147	69
chr1	156226179	156226679	74
chr6	34656554	34657054	80
chr9	68704937	68705437	84
chr10	12043765	12044265	77
chr17	57551354	57551854	53
chr15	63474789	63475289	58
chr8	8701635	8702135	80
chr22	45263303	45263803	55
chr15	31345951	31346451	39
chr17	34378594	34379094	59
chr17	39867098	39867598	95
chr16	70737410	70737910	90
chr22	39446868	39447368	87
chr2	233349119	233349619	85
chr10	48802524	48803024	61
chr2	39094942	39095442	61
chr19	7337382	7337882	79
chr18	58971239	58971739	59
chr15	40558035	40558535	48
chr5	60844082	60844582	53
chr4	40656344	40656844	64
chr9	113523152	113523652	72
chr1	244945200	244945700	52
chr2	60353748	60354248	51
chr6	20543081	20543581	51
chr10	73959896	73960396	69
chr22	35309577	35310077	53
chr6	142886697	142887197	60
chr8	128273103	128273603	45
chr10	63629989	63630489	92
chr4	152665962	152666462	49
chr4	120749489	120749989	63
chr4	184319256	184319756	53
chr8	70216881	70217381	79
chr3	98555762	98556262	66
chr17	57356704	57357204	41
chr10	98339662	98340162	65
chr13	109162720	109163220	51
chr20	64285749	64286249	74
chr10	21585091	21585591	41
chr3	143060840	143061340	47
chr7	112866355	112866855	48
chr3	10226250	10226750	58
chr19	2681511	2682011	91
chr11	118695671	118696171	77
chr1	52842527	52843027	76
chr11	100681031	100681531	58
chr2	39099859	39100359	51
chr2	130376953	130377453	47
chr1	20678527	20679027	54
chr1	117633318	117633818	66
chr13	46983797	46984297	45
chr15	99718909	99719409	59
chr8	144804679	144805179	47
chr11	78465276	78465776	101
chr12	132430230	132430730	78
chr6	7136640	7137140	62
chr17	40444798	40445298	79
chr17	4210932	4211432	51
chr2	161104085	161104585	54
chr20	48788596	48789096	47
chr11	115221405	115221905	56
chr15	40550521	40551021	64
chr5	6483722	6484222	53
chr17	74467590	74468090	54
chr12	120851386	120851886	58
chr16	81810246	81810746	69
chr5	89271800	89272300	48
chr7	150897415	150897915	69
chr7	21945918	21946418	42
chr8	94978805	94979305	62
chr10	26755497	26755997	59
chr13	51959688	51960188	53
chr6	108883149	108883649	61
chr6	139257819	139258319	60
chr1	8629227	8629727	48
chr1	111600741	111601241	59
chr17	79340182	79340682	43
chr10	96271341	96271841	80
chr17	37745113	37745613	47
chr18	21629344	21629844	58
chr3	141380990	141381490	61
chr9	89426646	89427146	61
chr10	110502926	110503426	86
chr13	40208468	40208968	56
chr3	121809164	121809664	58
chr7	101981701	101982201	60
chr22	22939590	22940090	63
chr5	32537932	32538432	58
chr1	11783616	11784116	45
chr1	15618120	15618620	50
chr1	28482065	28482565	52
chr1	58894878	58895378	57
chr1	92784916	92785416	105
chr1	175142304	175142804	35
chr1	206034932	206035432	38
chr1	210246444	210246944	43
chr10	283805	284305	48
chr10	118028510	118029010	50
chr11	113831265	113831765	37
chr12	50979294	50979794	51
chr13	20782006	20782506	56
chr13	73967670	73968170	47
chr14	72863142	72863642	43
chr14	106831265	106831765	55
chr15	43948666	43949166	50
chr15	44308310	44308810	47
chr15	64164437	64164937	43
chr15	75027511	75028011	44
chr17	74754390	74754890	43
chr18	74807018	74807518	36
chr19	16118440	16118940	98
chr2	61694683	61695183	141
chr2	113791911	113792411	39
chr2	144562247	144562747	54
chr20	33875035	33875535	64
chr20	43842985	43843485	57
chr20	45063057	45063557	61
chr20	47494516	47495016	44
chr20	53157419	53157919	45
chr22	35344886	35345386	56
chr22	39067960	39068460	34
chr22	46141453	46141953	50
chr3	45596248	45596748	84
chr3	107633567	107634067	45
chr3	195129529	195130029	55
chr4	36332697	36333197	40
chr4	99847351	99847851	49
chr4	145773836	145774336	46
chr4	176309049	176309549	49
chr4	184538680	184539180	53
chr4	185304898	185305398	47
chr5	5752786	5753286	41
chr5	14225390	14225890	48
chr5	156879506	156880006	40
chr5	157487294	157487794	68
chr5	158431665	158432165	50
chr6	46338057	46338557	52
chr6	56593802	56594302	81
chr6	63519086	63519586	47
chr6	99333052	99333552	51
chr6	106180181	106180681	62
chr7	18520308	18520808	39
chr7	20395453	20395953	56
chr7	90932447	90932947	42
chr7	92720511	92721011	42
chr8	8706847	8707347	53
chr8	29555837	29556337	32
chr9	27485077	27485577	47
chr9	79565111	79565611	51
chr9	129900713	129901213	36
chr9	134268391	134268891	64
chr11	115223024	115223524	50
chr12	31590941	31591441	84
chr6	169556722	169557222	68
chr11	62831532	62832032	153
chr15	31472848	31473348	68
chr4	40629973	40630473	63
chr5	56480189	56480689	83
chr9	90801521	90802021	57
chr10	11678062	11678562	62
chr11	128757236	128757736	80
chr10	110842953	110843453	57
chr18	58043891	58044391	91
chr17	1834292	1834792	79
chr7	44629836	44630336	63
chr17	78717944	78718444	54
chr22	24106716	24107216	49
chr5	139669858	139670358	86
chr6	13526593	13527093	69
chr3	177441860	177442360	67
chr6	108904644	108905144	70
chr8	102814537	102815037	60
chr14	68312832	68313332	58
chr9	93270882	93271382	45
chr9	125632816	125633316	46
chr19	16897168	16897668	115
chr1	153866205	153866705	39
chr17	64378732	64379232	47
chr19	39679016	39679516	40
chr1	58903559	58904059	106
chr3	122483025	122483525	53
chr2	178530559	178531059	73
chr9	68844588	68845088	49
chr5	14373551	14374051	50
chr6	24513498	24513998	57
chr2	230614851	230615351	47
chr11	113839775	113840275	57
chr14	22887940	22888440	50
chr19	11095963	11096463	68
chr1	24203379	24203879	43
chr5	157912557	157913057	60
chr1	168227028	168227528	58
chr9	129021085	129021585	68
chr6	101011120	101011620	64
chr9	37390722	37391222	71
chr11	47899684	47900184	90
chr10	77175765	77176265	50
chr14	77081224	77081724	54
chr15	68298990	68299490	67
chr17	77145692	77146192	52
chr3	10010937	10011437	79
chr21	42064211	42064711	58
chr17	50511041	50511541	45
chr2	75311915	75312415	45
chr5	56148522	56149022	85
chr15	50444564	50445064	63
chr8	24387569	24388069	77
chr20	20022412	20022912	55
chr20	35819325	35819825	52
chr3	45564120	45564620	48
chr3	114456626	114457126	45
chr4	184818147	184818647	49
chr8	123546764	123547264	53
chr1	9076115	9076615	40
chr1	39272167	39272667	39
chr13	27353086	27353586	60
chr1	54376463	54376963	39
chr10	11448359	11448859	52
chr12	26817245	26817745	55
chr15	52466072	52466572	108
chr2	11377816	11378316	54
chr8	99080973	99081473	45
chr15	23416335	23416835	49
chr19	2680708	2681208	51
chr5	154791489	154791989	49
chr17	76481801	76482301	82
chr1	59008082	59008582	44
chr12	67989167	67989667	50
chr2	65031270	65031770	68
chr12	116559314	116559814	101
chr14	106308783	106309283	85
chr6	130259945	130260445	81
chr12	19477987	19478487	54
chr2	88838176	88838676	59
chr22	22884897	22885397	57
chr16	81808976	81809476	85
chr15	61170043	61170543	64
chr17	34377046	34377546	44
chr5	17314811	17315311	53
chr5	157485718	157486218	49
chr1	22176172	22176672	45
chr1	28070006	28070506	56
chr1	41868444	41868944	42
chr1	43509930	43510430	34
chr1	150770811	150771311	60
chr1	202513874	202514374	40
chr1	247216215	247216715	43
chr10	35149189	35149689	90
chr10	95785304	95785804	41
chr10	96978450	96978950	39
chr11	63563108	63563608	44
chr11	66800913	66801413	55
chr11	115996111	115996611	53
chr12	15570917	15571417	76
chr12	24562032	24562532	35
chr12	31662141	31662641	43
chr12	46499831	46500331	38
chr12	49664841	49665341	52
chr12	123441356	123441856	46
chr13	40994853	40995353	37
chr14	65287082	65287582	50
chr14	91333663	91334163	37
chr14	105708121	105708621	36
chr14	105860329	105860829	34
chr15	23421167	23421667	46
chr15	70035626	70036126	39
chr15	90148960	90149460	60
chr16	67324837	67325337	37
chr17	3905156	3905656	45
chr18	22822793	22823293	33
chr18	49531784	49532284	40
chr18	58807282	58807782	53
chr19	1661127	1661627	37
chr19	2747361	2747861	38
chr19	3007890	3008390	40
chr19	5130249	5130749	63
chr19	18861198	18861698	43
chr2	3403534	3404034	47
chr2	20225189	20225689	49
chr2	33488703	33489203	36
chr2	46574780	46575280	39
chr2	47655022	47655522	36
chr2	171320292	171320792	51
chr2	173989483	173989983	39
chr2	196286750	196287250	44
chr2	223837584	223838084	78
chr20	4918416	4918916	40
chr20	25297010	25297510	40
chr20	37072239	37072739	35
chr20	62339064	62339564	34
chr21	43312569	43313069	46
chr22	33920903	33921403	85
chr22	38276092	38276592	48
chr22	44718355	44718855	44
chr22	45249196	45249696	38
chr3	16510943	16511443	41
chr3	45852795	45853295	46
chr3	112426082	112426582	38
chr3	114449518	114450018	40
chr3	119401467	119401967	46
chr3	127836412	127836912	49
chr3	143669443	143669943	39
chr4	38752217	38752717	45
chr4	75102423	75102923	43
chr4	78613961	78614461	45
chr4	78767269	78767769	38
chr4	99861408	99861908	38
chr4	113146815	113147315	39
chr4	140427183	140427683	45
chr4	140826509	140827009	50
chr5	1497283	1497783	40
chr5	149606305	149606805	64
chr5	173680016	173680516	40
chr6	7960755	7961255	47
chr6	33335866	33336366	46
chr6	42610373	42610873	46
chr6	105791517	105792017	34
chr6	151822411	151822911	47
chr7	7944554	7945054	114
chr7	20331480	20331980	43
chr7	24965786	24966286	74
chr7	43868104	43868604	40
chr7	91995357	91995857	40
chr7	92247829	92248329	32
chr7	116630253	116630753	40
chr7	140213697	140214197	60
chr7	150380435	150380935	37
chr7	151590377	151590877	36
chr8	8709555	8710055	51
chr8	19637726	19638226	58
chr8	19670519	19671019	43
chr8	102556123	102556623	54
chr9	37036764	37037264	54
chr9	68933371	68933871	43
chr9	129271059	129271559	43
chr9	137123331	137123831	39
chrX	55919294	55919794	41
chr8	118281914	118282414	83
chr5	179544436	179544936	49
chr7	20219869	20220369	92
chr1	167328777	167329277	65
chr17	8924505	8925005	65
chr17	3961450	3961950	95
chr12	68808657	68809157	64
chr17	8960496	8960996	58
chr10	94402226	94402726	66
chr12	32399213	32399713	73
chr3	14988968	14989468	65
chr3	141386706	141387206	59
chr5	14011373	14011873	67
chr5	115634186	115634686	57
chr16	81863638	81864138	63
chr2	25420751	25421251	65
chr8	143943795	143944295	59
chr5	56479672	56480172	42
chr12	120121630	120122130	64
chr19	41457189	41457689	65
chr2	230872948	230873448	76
chr3	15384775	15385275	50
chr1	183023825	183024325	48
chr12	96419880	96420380	64
chr12	121425191	121425691	61
chr7	25951026	25951526	98
chr22	42551715	42552215	69
chr2	119352246	119352746	47
chr4	54566486	54566986	50
chr6	26360978	26361478	57
chr7	37205390	37205890	40
chr9	81827841	81828341	59
chr8	28442660	28443160	57
chr5	131378964	131379464	57
chr3	72093256	72093756	45
chr3	72582153	72582653	49
chr8	125604664	125605164	44
chr11	16923884	16924384	52
chr3	46488663	46489163	95
chr10	3875005	3875505	72
chr16	11327433	11327933	51
chr2	173991447	173991947	42
chr2	241036873	241037373	39
chr1	117654034	117654534	47
chr2	231672421	231672921	54
chr14	89430586	89431086	111
chr15	52379347	52379847	52
chr7	75690126	75690626	48
chr8	102534455	102534955	52
chr1	24189431	24189931	61
chr7	55508250	55508750	50
chr8	8752981	8753481	57
chr1	207822555	207823055	79
chr10	79255199	79255699	48
chr22	26615085	26615585	55
chr1	21290613	21291113	63
chr1	87592081	87592581	48
chr11	68266434	68266934	56
chr17	79921492	79921992	55
chr6	113805044	113805544	45
chr7	25030969	25031469	49
chrX	6738756	6739256	52
chr10	60236797	60237297	102
chr20	49805143	49805643	70
chr10	62080140	62080640	57
chr10	17019594	17020094	53
chr9	105330797	105331297	49
chr14	104926511	104927011	57
chr15	64151415	64151915	48
chr15	38424015	38424515	56
chr10	95236226	95236726	63
chr4	101419296	101419796	40
chr12	118236981	118237481	46
chr13	30415640	30416140	44
chr4	140807807	140808307	68
chr7	156640954	156641454	58
chr21	14763066	14763566	59
chr6	148531	149031	55
chr2	182717386	182717886	57
chr5	55420889	55421389	37
chr9	123174765	123175265	38
chr8	100386415	100386915	39
chr1	12210573	12211073	106
chr11	132358116	132358616	42
chr18	42011052	42011552	53
chr18	55268128	55268628	49
chr8	128222019	128222519	67
chr2	182715934	182716434	108
chr5	158953878	158954378	39
chr1	212981635	212982135	46
chr16	68037782	68038282	41
chr1	20964824	20965324	49
chr10	14184681	14185181	34
chr11	65802748	65803248	41
chr6	106182323	106182823	49
chr4	152552038	152552538	53
chr13	21218742	21219242	58
chr21	43307318	43307818	48
chr22	38984917	38985417	67
chr20	4720593	4721093	95
chr1	48677277	48677777	37
chr1	156012392	156012892	44
chr1	227760906	227761406	42
chr1	247205083	247205583	39
chr10	31920538	31921038	32
chr10	33031906	33032406	34
chr10	35355961	35356461	44
chr10	79249420	79249920	27
chr11	77456585	77457085	39
chr11	103898015	103898515	36
chr11	118406552	118407052	41
chr11	118838815	118839315	43
chr12	106106	106606	38
chr12	26117248	26117748	37
chr12	27309227	27309727	46
chr12	56766468	56766968	34
chr12	68481325	68481825	39
chr12	92466478	92466978	59
chr12	116802968	116803468	62
chr15	52382659	52383159	35
chr16	11099742	11100242	34
chr16	11682276	11682776	42
chr16	14607964	14608464	26
chr16	87802556	87803056	37
chr17	19317203	19317703	35
chr17	40103690	40104190	30
chr17	58621120	58621620	33
chr17	74641592	74642092	51
chr18	2770337	2770837	49
chr18	12050214	12050714	42
chr18	35604632	35605132	32
chr18	58970705	58971205	41
chr2	84931261	84931761	44
chr2	108612592	108613092	64
chr2	110780424	110780924	29
chr2	174086640	174087140	37
chr2	189952719	189953219	42
chr2	216217880	216218380	40
chr2	231765399	231765899	47
chr2	237059043	237059543	40
chr2	241358388	241358888	37
chr20	48609512	48610012	30
chr20	49272527	49273027	42
chr20	54017785	54018285	46
chr21	42467118	42467618	38
chr21	42468969	42469469	41
chr22	23802967	23803467	43
chr22	45775504	45776004	29
chr3	59407991	59408491	41
chr3	151265871	151266371	67
chr3	156489431	156489931	39
chr3	169591806	169592306	35
chr3	183527239	183527739	35
chr3	194070695	194071195	74
chr4	6278738	6279238	44
chr4	25870090	25870590	46
chr4	38762524	38763024	40
chr4	39356965	39357465	41
chr4	120855630	120856130	49
chr4	185343536	185344036	40
chr5	5756497	5756997	38
chr5	6722081	6722581	30
chr5	96337924	96338424	37
chr5	96440057	96440557	32
chr5	111253111	111253611	51
chr5	124650335	124650835	24
chr5	149616820	149617320	43
chr5	154783591	154784091	41
chr6	2230809	2231309	40
chr6	7962666	7963166	35
chr6	7975687	7976187	35
chr6	25411542	25412042	39
chr6	37497748	37498248	47
chr6	72689615	72690115	42
chr6	105895833	105896333	42
chr6	169473673	169474173	41
chr7	17952344	17952844	36
chr7	24455732	24456232	43
chr7	92768738	92769238	42
chr7	128954771	128955271	33
chr7	139714487	139714987	57
chr8	8568921	8569421	62
chr8	85189938	85190438	50
chr8	118507491	118507991	47
chr8	125217951	125218451	37
chr9	35848102	35848602	66
chr9	79824270	79824770	54
chr15	75130544	75131044	43
chr18	35592230	35592730	44
chr5	73387778	73388278	79
chr5	424537	425037	48
chr15	90184100	90184600	78
chr3	32423570	32424070	67
chr12	94830961	94831461	88
chr5	56669909	56670409	97
chr11	128733690	128734190	47
chr2	226798527	226799027	58
chr5	17216297	17216797	48
chr8	81280172	81280672	85
chr1	110787085	110787585	66
chr1	210332759	210333259	75
chr4	73606387	73606887	62
chr9	33297358	33297858	50
chr2	149021182	149021682	40
chr17	76481048	76481548	60
chrX	101385993	101386493	49
chr3	169940412	169940912	43
chr7	22694521	22695021	44
chr2	84939542	84940042	106
chr8	12765223	12765723	64
chr20	43656684	43657184	51
chr12	92466999	92467499	52
chr8	128191093	128191593	67
chr22	22942664	22943164	45
chr5	150489824	150490324	61
chr2	142868141	142868641	62
chr9	129270131	129270631	55
chr22	39446275	39446775	39
chr7	139767411	139767911	80
chr2	160940590	160941090	52
chr9	90958103	90958603	56
chr5	6737112	6737612	43
chr22	40050206	40050706	64
chr12	67988658	67989158	53
chr5	59685814	59686314	43
chr5	78758381	78758881	31
chr8	60056882	60057382	51
chr2	69648137	69648637	82
chr18	2687557	2688057	45
chr3	72163791	72164291	41
chr4	143378432	143378932	43
chr12	94173565	94174065	39
chr8	80100219	80100719	60
chr19	55253696	55254196	84
chr2	176764014	176764514	43
chr2	241515277	241515777	46
chr5	89302884	89303384	65
chrX	7059163	7059663	47
chr9	127915736	127916236	74
chr1	51729439	51729939	127
chr2	136382084	136382584	109
chr8	94944034	94944534	33
chr1	160674458	160674958	51
chr12	132070962	132071462	65
chr14	65318577	65319077	38
chr3	152332472	152332972	33
chr5	157486328	157486828	51
chr9	81729160	81729660	68
chr13	94312802	94313302	49
chr14	75453829	75454329	52
chr2	84920047	84920547	38
chr5	59790351	59790851	48
chr8	11530773	11531273	46
chr9	131720265	131720765	50
chr5	157540781	157541281	139
chr17	29138878	29139378	38
chr11	121059547	121060047	49
chr15	47961738	47962238	54
chr15	70016571	70017071	37
chr15	70018823	70019323	45
chr7	155746061	155746561	46
chr11	110296405	110296905	79
chr11	119315026	119315526	41
chr12	116880882	116881382	53
chr16	10965391	10965891	46
chr2	27165118	27165618	43
chr2	237428118	237428618	41
chr22	23847678	23848178	42
chr4	37979438	37979938	57
chr2	148614240	148614740	40
chr1	40186426	40186926	46
chr11	118410100	118410600	47
chr7	106895193	106895693	48
chr20	62651526	62652026	89
chr1	93680640	93681140	40
chr1	95095739	95096239	47
chr19	42092327	42092827	38
chr2	164761159	164761659	44
chr5	124444373	124444873	51
chr8	94941454	94941954	46
chr12	25958320	25958820	39
chr15	101275020	101275520	44
chr17	47253657	47254157	52
chr5	103260962	103261462	46
chr8	127996875	127997375	39
chr12	55996958	55997458	66
chr3	196274543	196275043	73
chr12	64621139	64621639	47
chr8	8238576	8239076	33
chr8	27374503	27375003	51
chr8	41622322	41622822	48
chr9	131676660	131677160	54
chr17	35367974	35368474	69
chr17	78923543	78924043	59
chr4	101018718	101019218	60
chr10	61900155	61900655	84
chr16	88681008	88681508	37
chr6	87656779	87657279	46
chr6	119459559	119460059	52
chr1	59016356	59016856	47
chr15	31329033	31329533	46
chr2	54755569	54756069	47
chr20	32366300	32366800	43
chr6	72689019	72689519	40
chr8	29226480	29226980	38
chr8	97631083	97631583	45
chr11	59216806	59217306	73
chr13	28047716	28048216	43
chr16	21360475	21360975	28
chr9	99762395	99762895	46
chr22	41746902	41747402	46
chr17	75875957	75876457	57
chr1	9413045	9413545	59
chr3	13087870	13088370	49
chr22	41068933	41069433	68
chr11	6927116	6927616	43
chr2	110865093	110865593	56
chr1	9275511	9276011	65
chr1	21779644	21780144	35
chr1	24733266	24733766	37
chr1	44512266	44512766	33
chr1	51203504	51204004	41
chr1	58724432	58724932	38
chr1	79460785	79461285	37
chr1	150559864	150560364	50
chr1	173414077	173414577	37
chr1	206679618	206680118	71
chr1	211677597	211678097	50
chr10	1115577	1116077	46
chr11	11884759	11885259	40
chr11	19433253	19433753	28
chr11	34000872	34001372	31
chr11	35118869	35119369	29
chr11	46302818	46303318	47
chr12	704540	705040	33
chr12	11780759	11781259	37
chr12	24356150	24356650	40
chr12	26126469	26126969	37
chr12	50927948	50928448	28
chr12	104966669	104967169	42
chr12	113075684	113076184	35
chr12	120156864	120157364	40
chr12	122937816	122938316	37
chr15	56365139	56365639	61
chr15	90524383	90524883	36
chr16	736087	736587	30
chr16	68126292	68126792	36
chr16	72657757	72658257	42
chr16	85019763	85020263	48
chr17	57540562	57541062	45
chr19	2652466	2652966	42
chr19	6753256	6753756	72
chr19	38046230	38046730	26
chr2	20676844	20677344	34
chr2	45973994	45974494	34
chr2	54551009	54551509	35
chr2	64214559	64215059	42
chr2	88831615	88832115	30
chr2	111219281	111219781	41
chr2	164754623	164755123	39
chr2	197324714	197325214	28
chr2	236550679	236551179	34
chr2	240585050	240585550	40
chr21	29296407	29296907	45
chr21	41873328	41873828	38
chr21	43779707	43780207	40
chr3	3744753	3745253	41
chr3	3799084	3799584	50
chr3	45568813	45569313	32
chr3	61669691	61670191	38
chr3	63922792	63923292	31
chr3	72077389	72077889	44
chr3	113079567	113080067	38
chr3	127853561	127854061	35
chr3	132522314	132522814	44
chr3	149602326	149602826	38
chr4	53176175	53176675	33
chr4	73590042	73590542	34
chr4	74873496	74873996	41
chr4	143375597	143376097	29
chr4	186151389	186151889	33
chr5	60597520	60598020	46
chr5	89342524	89343024	27
chr5	148833920	148834420	35
chr6	36758439	36758939	43
chr6	37175733	37176233	41
chr6	138005736	138006236	47
chr6	139326956	139327456	38
chr7	23523443	23523943	32
chr7	25947545	25948045	38
chr7	26010987	26011487	37
chr7	26398881	26399381	90
chr7	26688831	26689331	38
chr7	30032697	30033197	40
chr7	37821055	37821555	43
chr7	55514910	55515410	36
chr7	55550007	55550507	34
chr7	100901816	100902316	38
chr7	137985526	137986026	28
chr7	150435634	150436134	65
chr8	10944151	10944651	36
chr8	38186760	38187260	40
chr8	42356380	42356880	40
chr8	100865818	100866318	52
chr8	125302916	125303416	35
chr8	130143030	130143530	33
chr9	626460	626960	36
chr9	42443348	42443848	35
chr9	90880462	90880962	31
chr9	90933624	90934124	32
chr9	105357875	105358375	40
chr9	130039415	130039915	52
chrX	48938577	48939077	75
chr3	191329025	191329525	51
chr5	57499372	57499872	48
chr16	18787242	18787742	62
chr11	82997136	82997636	51
chr8	102585100	102585600	50
chr4	921684	922184	53
chr7	47715153	47715653	45
chr19	10412343	10412843	66
chr22	46058043	46058543	45
chr3	133477408	133477908	59
chr9	81814800	81815300	60
chr1	41698869	41699369	47
chr1	110011642	110012142	75
chr4	15778810	15779310	79
chr14	92768114	92768614	63
chr12	100185345	100185845	54
chr4	184733210	184733710	35
chr5	95959350	95959850	33
chr7	36943776	36944276	43
chr16	81752163	81752663	63
chr17	1592836	1593336	56
chr2	181305598	181306098	94
chr10	6101166	6101666	55
chr11	68273586	68274086	45
chr19	7807438	7807938	72
chr19	16585707	16586207	53
chr12	31589650	31590150	48
chr11	128610907	128611407	123
chr10	110671999	110672499	65
chr19	2749076	2749576	69
chr10	110355110	110355610	48
chr16	29732119	29732619	64
chr3	141379364	141379864	82
chr2	223896716	223897216	50
chr17	75689407	75689907	81
chr6	20409596	20410096	45
chr17	68497938	68498438	55
chr10	102652525	102653025	47
chr2	164910106	164910606	62
chr15	70478422	70478922	50
chr3	31981464	31981964	56
chr10	124221557	124222057	43
chr11	35126360	35126860	48
chr14	65228399	65228899	50
chr15	40543880	40544380	44
chr15	85329533	85330033	79
chr17	10633703	10634203	43
chr7	150895763	150896263	53
chr9	91035472	91035972	48
chr17	49358572	49359072	61
chr11	34086489	34086989	36
chr11	59152274	59152774	40
chr2	136207294	136207794	33
chr21	46504125	46504625	45
chr3	42247457	42247957	42
chr12	47870299	47870799	69
chr15	40558570	40559070	31
chr16	16007703	16008203	47
chr19	50415624	50416124	66
chr2	111705200	111705700	52
chr2	127700587	127701087	83
chr8	53844317	53844817	42
chr17	78186947	78187447	95
chr2	88857211	88857711	39
chr20	56552776	56553276	49
chr20	63850738	63851238	47
chr3	107910564	107911064	51
chr10	91843010	91843510	35
chr15	44319323	44319823	47
chr3	31972217	31972717	48
chr4	174538079	174538579	48
chr2	12412772	12413272	58
chr17	78276407	78276907	41
chr20	56554703	56555203	33
chr6	45001623	45002123	45
chr6	144067031	144067531	31
chr8	100907185	100907685	56
chr7	24877922	24878422	59
chr9	137077079	137077579	48
chr18	44682538	44683038	46
chr6	157557385	157557885	30
chr1	202546873	202547373	37
chr12	26125703	26126203	65
chr12	54276267	54276767	39
chr13	43390582	43391082	39
chr14	65169340	65169840	41
chr21	42514291	42514791	34
chr3	42195905	42196405	46
chr8	11467417	11467917	65
chr9	37370960	37371460	71
chr9	132411058	132411558	52
chr1	8477329	8477829	49
chr12	27824039	27824539	44
chr14	65286402	65286902	43
chr17	45430726	45431226	65
chr19	35408373	35408873	41
chr19	39031463	39031963	62
chr2	221555133	221555633	44
chr20	43914556	43915056	35
chr4	184472195	184472695	56
chr5	75366715	75367215	49
chr7	47937287	47937787	37
chr7	90709237	90709737	37
chr6	32944236	32944736	68
chr10	133388330	133388830	32
chr16	29339152	29339652	47
chr18	50194909	50195409	47
chr6	218935	219435	39
chr11	34051362	34051862	129
chr13	114066439	114066939	44
chr14	71289574	71290074	71
chr10	14584569	14585069	45
chr12	77065365	77065865	76
chr3	112091075	112091575	49
chr3	122077583	122078083	55
chr4	37675812	37676312	37
chr7	24896039	24896539	58
chr1	117656265	117656765	133
chr14	69354323	69354823	52
chr7	6058449	6058949	34
chr10	71801343	71801843	36
chr11	35145949	35146449	42
chr13	48979930	48980430	44
chr2	241036363	241036863	87
chr22	37245341	37245841	69
chr12	50528839	50529339	44
chr6	89375458	89375958	100
chr8	52294143	52294643	59
chr14	101992629	101993129	58
chr17	62098774	62099274	50
chr8	102530703	102531203	44
chr5	132496716	132497216	69
chr12	116922127	116922627	57
chr1	50873355	50873855	56
chr20	51619691	51620191	41
chr17	78020175	78020675	44
chr2	178194196	178194696	68
chr4	38177581	38178081	47
chr4	185587329	185587829	40
chr5	40485322	40485822	31
chr7	73742825	73743325	36
chr22	38305592	38306092	45
chr4	25878306	25878806	44
chr2	8481330	8481830	62
chr6	45710416	45710916	51
chr7	139683231	139683731	39
chr7	155724442	155724942	46
chr14	91376865	91377365	53
chr22	18091413	18091913	49
chr7	55534831	55535331	41
chr7	139675010	139675510	47
chr16	81816691	81817191	50
chr17	58504940	58505440	49
chr8	37401810	37402310	58
chr14	49929982	49930482	29
chr17	63646376	63646876	35
chr19	45706994	45707494	36
chr6	142798267	142798767	35
chr2	110859027	110859527	49
chr2	149021686	149022186	40
chr9	36996027	36996527	49
chr12	110048983	110049483	47
chr3	105866536	105867036	58
chr11	76686381	76686881	34
chr12	26121665	26122165	50
chr6	148972408	148972908	52
chr1	8595879	8596379	44
chr1	26113411	26113911	36
chr1	67759836	67760336	34
chr1	87588387	87588887	44
chr1	117570753	117571253	36
chr1	117608608	117609108	36
chr1	145828366	145828866	33
chr1	154807021	154807521	32
chr1	157176675	157177175	25
chr1	157505588	157506088	46
chr1	165753831	165754331	48
chr1	173415428	173415928	27
chr1	184494800	184495300	35
chr1	205595348	205595848	27
chr1	206049197	206049697	38
chr10	31921152	31921652	28
chr10	95293032	95293532	26
chr11	66138853	66139353	33
chr11	111371055	111371555	32
chr11	120709794	120710294	33
chr12	998453	998953	34
chr12	2378695	2379195	32
chr12	62251264	62251764	55
chr12	68772726	68773226	39
chr12	93095289	93095789	35
chr12	104974589	104975089	54
chr12	116777191	116777691	41
chr13	77338269	77338769	31
chr14	22464702	22465202	35
chr14	62080996	62081496	28
chr14	65210060	65210560	33
chr14	93976021	93976521	41
chr14	106830565	106831065	45
chr15	39939504	39940004	34
chr15	59304009	59304509	35
chr15	68238185	68238685	41
chr15	80099443	80099943	35
chr15	85361217	85361717	39
chr15	93021324	93021824	41
chr15	101138794	101139294	36
chr16	11970187	11970687	41
chr16	21515842	21516342	36
chr16	69692468	69692968	32
chr16	81836595	81837095	56
chr16	84111441	84111941	32
chr17	1490828	1491328	38
chr17	16973665	16974165	59
chr17	32828288	32828788	48
chr17	59375819	59376319	32
chr17	67647345	67647845	30
chr17	78716825	78717325	50
chr17	80846150	80846650	37
chr18	13893341	13893841	34
chr18	21777725	21778225	35
chr18	32770053	32770553	30
chr18	58525872	58526372	34
chr19	18949397	18949897	35
chr2	11498616	11499116	35
chr2	20429468	20429968	57
chr2	25422016	25422516	43
chr2	61707962	61708462	39
chr2	61775891	61776391	35
chr2	68837919	68838419	44
chr2	84816567	84817067	41
chr2	95539770	95540270	43
chr2	101350190	101350690	35
chr2	110910332	110910832	38
chr2	134253268	134253768	31
chr2	134287247	134287747	36
chr2	178404325	178404825	42
chr2	202384678	202385178	35
chr20	31708622	31709122	30
chr20	58458703	58459203	32
chr21	14763625	14764125	41
chr21	36254810	36255310	47
chr21	41207948	41208448	37
chr21	41833409	41833909	42
chr21	43361725	43362225	54
chr22	40238058	40238558	30
chr22	42655617	42656117	60
chr22	44711114	44711614	32
chr3	12622270	12622770	43
chr3	31810799	31811299	35
chr3	53147434	53147934	33
chr3	58085583	58086083	43
chr3	160010511	160011011	36
chr3	172100433	172100933	31
chr3	181839867	181840367	33
chr3	187648082	187648582	37
chr3	195537908	195538408	63
chr4	42167596	42168096	36
chr4	42488997	42489497	44
chr4	85701921	85702421	32
chr4	152637331	152637831	39
chr4	165118530	165119030	37
chr4	185332695	185333195	36
chr5	6480635	6481135	42
chr5	89341976	89342476	22
chr5	95925849	95926349	38
chr5	131416689	131417189	30
chr5	139459252	139459752	44
chr5	139636083	139636583	97
chr5	139662634	139663134	34
chr5	157499799	157500299	40
chr5	157597137	157597637	35
chr5	159050341	159050841	24
chr5	173742385	173742885	37
chr6	6331335	6331835	49
chr6	16521492	16521992	32
chr6	26358403	26358903	44
chr6	38678298	38678798	46
chr6	45293171	45293671	32
chr6	70586100	70586600	47
chr6	71495874	71496374	45
chr6	89290741	89291241	32
chr6	99484980	99485480	27
chr6	105485448	105485948	32
chr6	132365508	132366008	35
chr6	156464116	156464616	26
chr6	157056275	157056775	41
chr7	16753449	16753949	73
chr7	18573266	18573766	51
chr7	45204037	45204537	48
chr7	55518781	55519281	34
chr7	74255465	74255965	41
chr7	116683718	116684218	40
chr7	128000915	128001415	34
chr7	150382740	150383240	34
chr7	155752625	155753125	28
chr8	6863882	6864382	40
chr8	19801635	19802135	34
chr8	24367234	24367734	29
chr8	24371237	24371737	29
chr8	47496808	47497308	34
chr8	118509154	118509654	45
chr8	124607290	124607790	53
chr9	750889	751389	28
chrX	12515348	12515848	28
chrX	47501493	47501993	44
chr9	122912807	122913307	73
chr9	99244814	99245314	41
chr9	6645485	6645985	58
chr10	96513737	96514237	63
chr12	104641783	104642283	60
chr14	60632714	60633214	54
chr8	19669599	19670099	47
chr2	70181188	70181688	58
chr3	32438961	32439461	52
chr14	20460291	20460791	50
chr1	92957028	92957528	65
chr21	42460727	42461227	56
chr9	137067668	137068168	61
chr1	66278149	66278649	47
chr16	46918801	46919301	48
chr2	224937809	224938309	46
chr22	38953855	38954355	72
chr8	100385883	100386383	42
chr14	69637948	69638448	61
chr6	13813708	13814208	47
chr12	106760113	106760613	75
chr4	184282266	184282766	48
chr17	39778040	39778540	66
chr8	124527188	124527688	58
chr1	226882733	226883233	87
chr10	7471971	7472471	49
chr16	11689059	11689559	54
chr2	127749523	127750023	58
chr2	179095938	179096438	47
chr22	43110363	43110863	50
chr6	31727461	31727961	53
chr3	36912335	36912835	108
chr3	133475543	133476043	56
chr2	120231682	120232182	36
chr1	160262830	160263330	57
chr19	37978810	37979310	49
chr5	177431989	177432489	58
chr1	246773115	246773615	62
chr8	55991040	55991540	96
chr2	201208711	201209211	84
chr10	32317747	32318247	51
chr4	40196218	40196718	58
chr12	31603393	31603893	49
chr5	76401623	76402123	55
chr16	28924006	28924506	49
chr1	119565074	119565574	48
chr7	2979273	2979773	46
chr1	183911246	183911746	61
chr20	50516486	50516986	62
chr7	47574626	47575126	57
chr12	92987917	92988417	66
chr13	33728637	33729137	42
chr1	12078494	12078994	44
chr11	34244053	34244553	48
chr11	35145284	35145784	70
chr17	4376040	4376540	30
chr2	136107555	136108055	45
chr3	129276342	129276842	43
chr4	83221480	83221980	39
chr7	30763940	30764440	44
chr8	27439404	27439904	41
chr12	47883164	47883664	60
chr22	26610300	26610800	60
chr12	105031023	105031523	35
chr15	90178447	90178947	35
chr2	44778606	44779106	43
chr2	168495418	168495918	38
chr4	185208788	185209288	33
chr7	133035101	133035601	36
chr8	94960486	94960986	42
chr7	87216945	87217445	79
chr8	55991604	55992104	48
chr8	70220104	70220604	31
chr16	19127535	19128035	34
chr7	90777009	90777509	41
chr4	152696812	152697312	104
chr1	153841887	153842387	46
chr12	9642563	9643063	39
chr12	24950362	24950862	46
chr2	33476497	33476997	82
chr3	127750675	127751175	42
chr5	95927833	95928333	49
chr11	128730938	128731438	64
chr12	12025029	12025529	66
chr2	173898171	173898671	72
chr1	155016057	155016557	39
chr22	27877406	27877906	42
chr6	137106082	137106582	40
chr12	124480377	124480877	52
chr2	99337734	99338234	41
chr11	33541205	33541705	33
chr14	64338544	64339044	104
chr2	164754103	164754603	46
chr2	183997954	183998454	35
chr20	17848570	17849070	35
chr5	133244250	133244750	44
chr6	151681580	151682080	41
chr7	37341140	37341640	43
chr20	49785727	49786227	56
chr6	15255422	15255922	40
chr1	58806044	58806544	40
chr15	85443460	85443960	32
chr16	75761462	75761962	42
chr2	65390070	65390570	42
chr3	185354078	185354578	51
chr4	158860767	158861267	38
chr5	154228578	154229078	46
chr15	64823689	64824189	73
chr17	51166087	51166587	74
chr1	85576825	85577325	40
chr1	219988338	219988838	46
chr16	85746824	85747324	39
chr7	98200422	98200922	52
chr15	84761558	84762058	29
chr17	82465054	82465554	50
chr5	78728008	78728508	37
chr8	117443272	117443772	64
chr10	84171610	84172110	35
chr12	31403057	31403557	41
chr2	31252380	31252880	38
chr1	40232388	40232888	57
chr17	19754654	19755154	38
chr2	54081531	54082031	39
chr21	34018873	34019373	45
chr3	177247246	177247746	43
chr17	37774537	37775037	47
chr1	39817178	39817678	80
chr4	77586763	77587263	53
chr5	80487747	80488247	59
chr10	124079857	124080357	52
chr15	90190957	90191457	66
chr10	69222163	69222663	35
chr15	90047056	90047556	39
chr6	6332175	6332675	47
chr6	116405005	116405505	52
chr8	22442649	22443149	44
chr2	16649599	16650099	52
chr12	93060229	93060729	47
chr14	65334286	65334786	35
chr15	80010040	80010540	44
