chr	start	end	Naive-B	Naive-T	CM	NK	memory-B	cDC	CD8T	
chr16	27383816	27384316	16	49771	32790	35461	36077	36232	36254	16	49771	32790	35461	36077	36232	36254	16	49771	32790	35461	36077	36232	36254	
chr1	10495011	10495511	17367	14371	20034	21676	22077	22168	22179	17367	14371	20034	21676	22077	22168	22179	17367	14371	20034	21676	22077	22168	22179	17367	14371	20034	21676	22077	22168	22179	17367	14371	20034	21676	22077	22168	22179	17367	14371	20034	21676	22077	22168	22179	17367	14371	20034	21676	22077	22168	22179	
chr4	38805531	38806031	977	48813	48752	49438	17646	17720	17728	
chr5	40486812	40487312	17367	22002	30680	33159	33740	33886	33906	17367	22002	30680	33159	33740	33886	33906	17367	22002	30680	33159	33740	33886	33906	17367	22002	30680	33159	33740	33886	33906	17367	22002	30680	33159	33740	33886	33906	
chr3	188397329	188397829	17367	27407	38150	41246	41946	42121	42153	17367	27407	38150	41246	41946	42121	42153	17367	27407	38150	41246	41946	42121	42153	17367	27407	38150	41246	41946	42121	42153	17367	27407	38150	41246	41946	42121	42153	17367	27407	38150	41246	41946	42121	42153	17367	27407	38150	41246	41946	42121	42153	17367	27407	38150	41246	41946	42121	42153	17367	27407	38150	41246	41946	42121	42153	17367	27407	38150	41246	41946	42121	42153	17367	27407	38150	41246	41946	42121	42153	17367	27407	38150	41246	41946	42121	42153	
chr4	38782743	38783243	1454	48383	39614	42820	43547	43726	43760	1454	48383	39614	42820	43547	43726	43760	
chr3	188400402	188400902	779	48985	48581	49146	49736	13871	13877	779	48985	48581	49146	49736	13871	13877	779	48985	48581	49146	49736	13871	13877	779	48985	48581	49146	49736	13871	13877	779	48985	48581	49146	49736	13871	13877	779	48985	48581	49146	49736	13871	13877	779	48985	48581	49146	49736	13871	13877	779	48985	48581	49146	49736	13871	13877	779	48985	48581	49146	49736	13871	13877	779	48985	48581	49146	49736	13871	13877	779	48985	48581	49146	49736	13871	13877	779	48985	48581	49146	49736	13871	13877	
chr2	8301954	8302454	17367	11272	15749	17069	17387	17461	17469	17367	11272	15749	17069	17387	17461	17469	17367	11272	15749	17069	17387	17461	17469	17367	11272	15749	17069	17387	17461	17469	17367	11272	15749	17069	17387	17461	17469	17367	11272	15749	17069	17387	17461	17469	17367	11272	15749	17069	17387	17461	17469	
chr5	40490374	40490874	17367	18831	26220	28373	28881	28998	29014	17367	18831	26220	28373	28881	28998	29014	17367	18831	26220	28373	28881	28998	29014	17367	18831	26220	28373	28881	28998	29014	17367	18831	26220	28373	28881	28998	29014	
chr4	38785326	38785826	17367	19342	26940	29135	29657	29777	29793	17367	19342	26940	29135	29657	29777	29793	
chr1	10484488	10484988	14790	35222	9191	9985	10165	10200	10204	14790	35222	9191	9985	10165	10200	10204	14790	35222	9191	9985	10165	10200	10204	14790	35222	9191	9985	10165	10200	10204	14790	35222	9191	9985	10165	10200	10204	14790	35222	9191	9985	10165	10200	10204	14790	35222	9191	9985	10165	10200	10204	
chr15	67150010	67150510	17367	7824	10921	11833	12056	12096	12101	17367	7824	10921	11833	12056	12096	12101	17367	7824	10921	11833	12056	12096	12101	17367	7824	10921	11833	12056	12096	12101	17367	7824	10921	11833	12056	12096	12101	17367	7824	10921	11833	12056	12096	12101	17367	7824	10921	11833	12056	12096	12101	
chr2	8303451	8303951	17367	16768	23375	25308	25765	25873	25887	17367	16768	23375	25308	25765	25873	25887	17367	16768	23375	25308	25765	25873	25887	17367	16768	23375	25308	25765	25873	25887	17367	16768	23375	25308	25765	25873	25887	17367	16768	23375	25308	25765	25873	25887	17367	16768	23375	25308	25765	25873	25887	
chr11	76588405	76588905	17367	17368	24209	26208	26679	26788	26803	17367	17368	24209	26208	26679	26788	26803	17367	17368	24209	26208	26679	26788	26803	17367	17368	24209	26208	26679	26788	26803	
