snp	pos	chr	start	end	Naive-B	Naive-T	CM	NK	memory-B	cDC	CD8T	
rs10440635	40490688	chr5	40490374	40490874	17367	18831	26220	28373	28881	28998	29014	17367	18831	26220	28373	28881	28998	29014	17367	18831	26220	28373	28881	28998	29014	17367	18831	26220	28373	28881	28998	29014	17367	18831	26220	28373	28881	28998	29014	
rs668805	10484490	chr1	10484488	10484988	14790	35222	9191	9985	10165	10200	10204	14790	35222	9191	9985	10165	10200	10204	14790	35222	9191	9985	10165	10200	10204	14790	35222	9191	9985	10165	10200	10204	14790	35222	9191	9985	10165	10200	10204	14790	35222	9191	9985	10165	10200	10204	14790	35222	9191	9985	10165	10200	10204	
rs10012017	38783012	chr4	38782743	38783243	1454	48383	39614	42820	43547	43726	43760	1454	48383	39614	42820	43547	43726	43760	
rs891058	8302417	chr2	8301954	8302454	17367	11272	15749	17069	17387	17461	17469	17367	11272	15749	17069	17387	17461	17469	17367	11272	15749	17069	17387	17461	17469	17367	11272	15749	17069	17387	17461	17469	17367	11272	15749	17069	17387	17461	17469	17367	11272	15749	17069	17387	17461	17469	17367	11272	15749	17069	17387	17461	17469	
rs67719080	38785631	chr4	38785326	38785826	17367	19342	26940	29135	29657	29777	29793	17367	19342	26940	29135	29657	29777	29793	
rs7725052	40487168	chr5	40486812	40487312	17367	22002	30680	33159	33740	33886	33906	17367	22002	30680	33159	33740	33886	33906	17367	22002	30680	33159	33740	33886	33906	17367	22002	30680	33159	33740	33886	33906	17367	22002	30680	33159	33740	33886	33906	
rs622623	10495200	chr1	10495011	10495511	17367	14371	20034	21676	22077	22168	22179	17367	14371	20034	21676	22077	22168	22179	17367	14371	20034	21676	22077	22168	22179	17367	14371	20034	21676	22077	22168	22179	17367	14371	20034	21676	22077	22168	22179	17367	14371	20034	21676	22077	22168	22179	17367	14371	20034	21676	22077	22168	22179	
rs4686484	188400784	chr3	188400402	188400902	779	48985	48581	49146	49736	13871	13877	779	48985	48581	49146	49736	13871	13877	779	48985	48581	49146	49736	13871	13877	779	48985	48581	49146	49736	13871	13877	779	48985	48581	49146	49736	13871	13877	779	48985	48581	49146	49736	13871	13877	779	48985	48581	49146	49736	13871	13877	779	48985	48581	49146	49736	13871	13877	779	48985	48581	49146	49736	13871	13877	779	48985	48581	49146	49736	13871	13877	779	48985	48581	49146	49736	13871	13877	779	48985	48581	49146	49736	13871	13877	
rs17293632	67150258	chr15	67150010	67150510	17367	7824	10921	11833	12056	12096	12101	17367	7824	10921	11833	12056	12096	12101	17367	7824	10921	11833	12056	12096	12101	17367	7824	10921	11833	12056	12096	12101	17367	7824	10921	11833	12056	12096	12101	17367	7824	10921	11833	12056	12096	12101	17367	7824	10921	11833	12056	12096	12101	
rs4686483	188400437	chr3	188400402	188400902	779	48985	48581	49146	49736	13871	13877	779	48985	48581	49146	49736	13871	13877	779	48985	48581	49146	49736	13871	13877	779	48985	48581	49146	49736	13871	13877	779	48985	48581	49146	49736	13871	13877	779	48985	48581	49146	49736	13871	13877	779	48985	48581	49146	49736	13871	13877	779	48985	48581	49146	49736	13871	13877	779	48985	48581	49146	49736	13871	13877	779	48985	48581	49146	49736	13871	13877	779	48985	48581	49146	49736	13871	13877	779	48985	48581	49146	49736	13871	13877	
rs9834159	188397444	chr3	188397329	188397829	17367	27407	38150	41246	41946	42121	42153	17367	27407	38150	41246	41946	42121	42153	17367	27407	38150	41246	41946	42121	42153	17367	27407	38150	41246	41946	42121	42153	17367	27407	38150	41246	41946	42121	42153	17367	27407	38150	41246	41946	42121	42153	17367	27407	38150	41246	41946	42121	42153	17367	27407	38150	41246	41946	42121	42153	17367	27407	38150	41246	41946	42121	42153	17367	27407	38150	41246	41946	42121	42153	17367	27407	38150	41246	41946	42121	42153	17367	27407	38150	41246	41946	42121	42153	
rs669701	10484668	chr1	10484488	10484988	14790	35222	9191	9985	10165	10200	10204	14790	35222	9191	9985	10165	10200	10204	14790	35222	9191	9985	10165	10200	10204	14790	35222	9191	9985	10165	10200	10204	14790	35222	9191	9985	10165	10200	10204	14790	35222	9191	9985	10165	10200	10204	14790	35222	9191	9985	10165	10200	10204	
rs10034903	38783057	chr4	38782743	38783243	1454	48383	39614	42820	43547	43726	43760	1454	48383	39614	42820	43547	43726	43760	
rs10178845	8303673	chr2	8303451	8303951	17367	16768	23375	25308	25765	25873	25887	17367	16768	23375	25308	25765	25873	25887	17367	16768	23375	25308	25765	25873	25887	17367	16768	23375	25308	25765	25873	25887	17367	16768	23375	25308	25765	25873	25887	17367	16768	23375	25308	25765	25873	25887	17367	16768	23375	25308	25765	25873	25887	
rs9283753	40490507	chr5	40490374	40490874	17367	18831	26220	28373	28881	28998	29014	17367	18831	26220	28373	28881	28998	29014	17367	18831	26220	28373	28881	28998	29014	17367	18831	26220	28373	28881	28998	29014	17367	18831	26220	28373	28881	28998	29014	
rs10174949	8302118	chr2	8301954	8302454	17367	11272	15749	17069	17387	17461	17469	17367	11272	15749	17069	17387	17461	17469	17367	11272	15749	17069	17387	17461	17469	17367	11272	15749	17069	17387	17461	17469	17367	11272	15749	17069	17387	17461	17469	17367	11272	15749	17069	17387	17461	17469	17367	11272	15749	17069	17387	17461	17469	
rs12233670	38785595	chr4	38785326	38785826	17367	19342	26940	29135	29657	29777	29793	17367	19342	26940	29135	29657	29777	29793	
11:76299844	76588800	chr11	76588405	76588905	17367	17368	24209	26208	26679	26788	26803	17367	17368	24209	26208	26679	26788	26803	17367	17368	24209	26208	26679	26788	26803	17367	17368	24209	26208	26679	26788	26803	
rs10004195	38783103	chr4	38782743	38783243	1454	48383	39614	42820	43547	43726	43760	1454	48383	39614	42820	43547	43726	43760	
rs45588337	38805707	chr4	38805531	38806031	977	48813	48752	49438	17646	17720	17728	
rs757374	27383857	chr16	27383816	27384316	16	49771	32790	35461	36077	36232	36254	16	49771	32790	35461	36077	36232	36254	16	49771	32790	35461	36077	36232	36254	
rs11236797	76588605	chr11	76588405	76588905	17367	17368	24209	26208	26679	26788	26803	17367	17368	24209	26208	26679	26788	26803	17367	17368	24209	26208	26679	26788	26803	17367	17368	24209	26208	26679	26788	26803	
