chr	start	end	Naive-B	Naive-T	CM	NK	memory-B	cDC	CD8T	
chr11	30919363	30919863	17367	21726	30288	32746	33320	33466	33486	17367	21726	30288	32746	33320	33466	33486	17367	21726	30288	32746	33320	33466	33486	17367	21726	30288	32746	33320	33466	33486	
chr3	113660782	113661282	17367	18781	26151	28300	28807	28924	28940	17367	18781	26151	28300	28807	28924	28940	17367	18781	26151	28300	28807	28924	28940	17367	18781	26151	28300	28807	28924	28940	
chr11	46669739	46670239	17367	5350	7521	8176	8321	8348	8352	17367	5350	7521	8176	8321	8348	8352	17367	5350	7521	8176	8321	8348	8352	17367	5350	7521	8176	8321	8348	8352	17367	5350	7521	8176	8321	8348	8352	17367	5350	7521	8176	8321	8348	8352	17367	5350	7521	8176	8321	8348	8352	17367	5350	7521	8176	8321	8348	8352	
chr3	113748838	113749338	17367	19413	27022	29220	29742	29862	29878	17367	19413	27022	29220	29742	29862	29878	17367	19413	27022	29220	29742	29862	29878	17367	19413	27022	29220	29742	29862	29878	
chr3	113754436	113754936	17367	24377	34004	36766	37399	37557	37581	17367	24377	34004	36766	37399	37557	37581	17367	24377	34004	36766	37399	37557	37581	17367	24377	34004	36766	37399	37557	37581	
chr7	121329496	121329996	5960	43876	2504	2732	2785	2793	2794	5960	43876	2504	2732	2785	2793	2794	5960	43876	2504	2732	2785	2793	2794	5960	43876	2504	2732	2785	2793	2794	5960	43876	2504	2732	2785	2793	2794	5960	43876	2504	2732	2785	2793	2794	
chr4	1026135	1026635	17367	15925	22258	24097	24538	24638	24652	17367	15925	22258	24097	24538	24638	24652	17367	15925	22258	24097	24538	24638	24652	17367	15925	22258	24097	24538	24638	24652	17367	15925	22258	24097	24538	24638	24652	17367	15925	22258	24097	24538	24638	24652	17367	15925	22258	24097	24538	24638	24652	17367	15925	22258	24097	24538	24638	24652	17367	15925	22258	24097	24538	24638	24652	17367	15925	22258	24097	24538	24638	24652	17367	15925	22258	24097	24538	24638	24652	17367	15925	22258	24097	24538	24638	24652	17367	15925	22258	24097	24538	24638	24652	17367	15925	22258	24097	24538	24638	24652	
chr14	91026552	91027052	17367	24509	34170	36945	37582	37740	37764	17367	24509	34170	36945	37582	37740	37764	17367	24509	34170	36945	37582	37740	37764	17367	24509	34170	36945	37582	37740	37764	17367	24509	34170	36945	37582	37740	37764	17367	24509	34170	36945	37582	37740	37764	17367	24509	34170	36945	37582	37740	37764	17367	24509	34170	36945	37582	37740	37764	17367	24509	34170	36945	37582	37740	37764	17367	24509	34170	36945	37582	37740	37764	17367	24509	34170	36945	37582	37740	37764	17367	24509	34170	36945	37582	37740	37764	17367	24509	34170	36945	37582	37740	37764	
chr17	2185473	2185973	17367	23276	32447	35078	35690	35843	35865	17367	23276	32447	35078	35690	35843	35865	17367	23276	32447	35078	35690	35843	35865	17367	23276	32447	35078	35690	35843	35865	17367	23276	32447	35078	35690	35843	35865	
chr3	41117465	41117965	17367	15399	21520	23291	23713	23810	23822	17367	15399	21520	23291	23713	23810	23822	17367	15399	21520	23291	23713	23810	23822	17367	15399	21520	23291	23713	23810	23822	17367	15399	21520	23291	23713	23810	23822	17367	15399	21520	23291	23713	23810	23822	17367	15399	21520	23291	23713	23810	23822	
chr16	327194	327694	17367	9733	13620	14760	15040	15101	15108	17367	9733	13620	14760	15040	15101	15108	
chr16	15041569	15042069	17367	16474	22996	24897	25347	25451	25465	17367	16474	22996	24897	25347	25451	25465	17367	16474	22996	24897	25347	25451	25465	17367	16474	22996	24897	25347	25451	25465	
chr17	2122842	2123342	16558	33841	23294	25220	25675	25783	25797	16558	33841	23294	25220	25675	25783	25797	16558	33841	23294	25220	25675	25783	25797	16558	33841	23294	25220	25675	25783	25797	16558	33841	23294	25220	25675	25783	25797	
chr7	121376926	121377426	17367	24052	33559	36284	36914	37069	37093	17367	24052	33559	36284	36914	37069	37093	17367	24052	33559	36284	36914	37069	37093	17367	24052	33559	36284	36914	37069	37093	17367	24052	33559	36284	36914	37069	37093	17367	24052	33559	36284	36914	37069	37093	
chr12	54033877	54034377	17367	27291	37983	41065	41762	41937	41968	17367	27291	37983	41065	41762	41937	41968	17367	27291	37983	41065	41762	41937	41968	17367	27291	37983	41065	41762	41937	41968	17367	27291	37983	41065	41762	41937	41968	17367	27291	37983	41065	41762	41937	41968	17367	27291	37983	41065	41762	41937	41968	17367	27291	37983	41065	41762	41937	41968	
