chr	start	end	Naive-B	Naive-T	CM	NK	memory-B	cDC	CD8T	
chr6	127971981	127972481	2232	47619	47602	27148	27632	27742	27758	2232	47619	47602	27148	27632	27742	27758	2232	47619	47602	27148	27632	27742	27758	
chr3	188397329	188397829	17367	27407	38150	41246	41946	42121	42153	17367	27407	38150	41246	41946	42121	42153	17367	27407	38150	41246	41946	42121	42153	17367	27407	38150	41246	41946	42121	42153	17367	27407	38150	41246	41946	42121	42153	17367	27407	38150	41246	41946	42121	42153	17367	27407	38150	41246	41946	42121	42153	
chr3	46349535	46350035	17367	15444	21590	23371	23794	23892	23904	17367	15444	21590	23371	23794	23892	23904	17367	15444	21590	23371	23794	23892	23904	17367	15444	21590	23371	23794	23892	23904	17367	15444	21590	23371	23794	23892	23904	17367	15444	21590	23371	23794	23892	23904	17367	15444	21590	23371	23794	23892	23904	17367	15444	21590	23371	23794	23892	23904	17367	15444	21590	23371	23794	23892	23904	17367	15444	21590	23371	23794	23892	23904	17367	15444	21590	23371	23794	23892	23904	17367	15444	21590	23371	23794	23892	23904	17367	15444	21590	23371	23794	23892	23904	
chr22	37633609	37634109	12952	36939	20729	22430	22845	22937	22948	12952	36939	20729	22430	22845	22937	22948	12952	36939	20729	22430	22845	22937	22948	12952	36939	20729	22430	22845	22937	22948	12952	36939	20729	22430	22845	22937	22948	12952	36939	20729	22430	22845	22937	22948	
chr3	46321366	46321866	2065	47792	5944	6469	6582	6603	6606	2065	47792	5944	6469	6582	6603	6606	2065	47792	5944	6469	6582	6603	6606	2065	47792	5944	6469	6582	6603	6606	2065	47792	5944	6469	6582	6603	6606	2065	47792	5944	6469	6582	6603	6606	2065	47792	5944	6469	6582	6603	6606	2065	47792	5944	6469	6582	6603	6606	2065	47792	5944	6469	6582	6603	6606	2065	47792	5944	6469	6582	6603	6606	2065	47792	5944	6469	6582	6603	6606	2065	47792	5944	6469	6582	6603	6606	2065	47792	5944	6469	6582	6603	6606	
chr7	37337477	37337977	17367	24719	34490	37286	37929	38088	38112	
chr3	188400402	188400902	779	48985	48581	49146	49736	13871	13877	779	48985	48581	49146	49736	13871	13877	779	48985	48581	49146	49736	13871	13877	779	48985	48581	49146	49736	13871	13877	779	48985	48581	49146	49736	13871	13877	779	48985	48581	49146	49736	13871	13877	779	48985	48581	49146	49736	13871	13877	
chr12	6383809	6384309	16955	32806	45359	9385	9558	9590	9594	16955	32806	45359	9385	9558	9590	9594	16955	32806	45359	9385	9558	9590	9594	16955	32806	45359	9385	9558	9590	9594	16955	32806	45359	9385	9558	9590	9594	16955	32806	45359	9385	9558	9590	9594	16955	32806	45359	9385	9558	9590	9594	16955	32806	45359	9385	9558	9590	9594	
chr7	37363527	37364027	17367	25240	35214	38067	38718	38879	38903	17367	25240	35214	38067	38718	38879	38903	17367	25240	35214	38067	38718	38879	38903	
chr22	37236566	37237066	17367	4607	6470	7040	7162	7185	7188	17367	4607	6470	7040	7162	7185	7188	17367	4607	6470	7040	7162	7185	7188	17367	4607	6470	7040	7162	7185	7188	
chr3	159919801	159920301	17367	24182	33738	36474	37104	37260	37284	17367	24182	33738	36474	37104	37260	37284	17367	24182	33738	36474	37104	37260	37284	17367	24182	33738	36474	37104	37260	37284	
chr3	119401467	119401967	3878	46009	10222	11084	11291	11329	11333	3878	46009	10222	11084	11291	11329	11333	3878	46009	10222	11084	11291	11329	11333	3878	46009	10222	11084	11291	11329	11333	3878	46009	10222	11084	11291	11329	11333	3878	46009	10222	11084	11291	11329	11333	3878	46009	10222	11084	11291	11329	11333	
chr22	21950390	21950890	17367	13654	19003	20576	20958	21045	21055	17367	13654	19003	20576	20958	21045	21055	
chr15	78944857	78945357	17367	18108	25222	27307	27793	27906	27922	17367	18108	25222	27307	27793	27906	27922	17367	18108	25222	27307	27793	27906	27922	
chr3	46318141	46318641	17367	12400	17258	18690	19037	19117	19126	17367	12400	17258	18690	19037	19117	19126	17367	12400	17258	18690	19037	19117	19126	17367	12400	17258	18690	19037	19117	19126	17367	12400	17258	18690	19037	19117	19126	17367	12400	17258	18690	19037	19117	19126	17367	12400	17258	18690	19037	19117	19126	17367	12400	17258	18690	19037	19117	19126	17367	12400	17258	18690	19037	19117	19126	17367	12400	17258	18690	19037	19117	19126	17367	12400	17258	18690	19037	19117	19126	17367	12400	17258	18690	19037	19117	19126	17367	12400	17258	18690	19037	19117	19126	
chr15	78938955	78939455	754	49021	49048	49504	2373	2380	2381	754	49021	49048	49504	2373	2380	2381	754	49021	49048	49504	2373	2380	2381	754	49021	49048	49504	2373	2380	2381	
chr2	43129044	43129544	17367	22747	31720	34292	34889	35039	35061	17367	22747	31720	34292	34889	35039	35061	17367	22747	31720	34292	34889	35039	35061	17367	22747	31720	34292	34889	35039	35061	17367	22747	31720	34292	34889	35039	35061	17367	22747	31720	34292	34889	35039	35061	17367	22747	31720	34292	34889	35039	35061	17367	22747	31720	34292	34889	35039	35061	17367	22747	31720	34292	34889	35039	35061	
chr22	37231357	37231857	17367	27888	38805	41943	42655	42832	42864	17367	27888	38805	41943	42655	42832	42864	17367	27888	38805	41943	42655	42832	42864	17367	27888	38805	41943	42655	42832	42864	17367	27888	38805	41943	42655	42832	42864	
chr7	37353475	37353975	6107	43727	41019	44345	45109	45295	45331	
