chr	start	end	Naive-B	Naive-T	CM	NK	memory-B	cDC	CD8T	
chr6	43843180	43843680	17367	26344	36690	39664	40340	40508	40536	17367	26344	36690	39664	40340	40508	40536	17367	26344	36690	39664	40340	40508	40536	17367	26344	36690	39664	40340	40508	40536	17367	26344	36690	39664	40340	40508	40536	17367	26344	36690	39664	40340	40508	40536	17367	26344	36690	39664	40340	40508	40536	
chr11	65712338	65712838	17367	4589	6446	7013	7135	7158	7161	17367	4589	6446	7013	7135	7158	7161	17367	4589	6446	7013	7135	7158	7161	17367	4589	6446	7013	7135	7158	7161	17367	4589	6446	7013	7135	7158	7161	17367	4589	6446	7013	7135	7158	7161	17367	4589	6446	7013	7135	7158	7161	17367	4589	6446	7013	7135	7158	7161	17367	4589	6446	7013	7135	7158	7161	17367	4589	6446	7013	7135	7158	7161	17367	4589	6446	7013	7135	7158	7161	17367	4589	6446	7013	7135	7158	7161	17367	4589	6446	7013	7135	7158	7161	17367	4589	6446	7013	7135	7158	7161	17367	4589	6446	7013	7135	7158	7161	
chr20	23626194	23626694	17367	7767	10835	11736	11955	11995	12000	17367	7767	10835	11736	11955	11995	12000	17367	7767	10835	11736	11955	11995	12000	17367	7767	10835	11736	11955	11995	12000	17367	7767	10835	11736	11955	11995	12000	17367	7767	10835	11736	11955	11995	12000	17367	7767	10835	11736	11955	11995	12000	17367	7767	10835	11736	11955	11995	12000	17367	7767	10835	11736	11955	11995	12000	17367	7767	10835	11736	11955	11995	12000	17367	7767	10835	11736	11955	11995	12000	
chr10	1110075	1110575	17367	21063	29341	31719	32278	32416	32434	17367	21063	29341	31719	32278	32416	32434	17367	21063	29341	31719	32278	32416	32434	17367	21063	29341	31719	32278	32416	32434	17367	21063	29341	31719	32278	32416	32434	17367	21063	29341	31719	32278	32416	32434	17367	21063	29341	31719	32278	32416	32434	17367	21063	29341	31719	32278	32416	32434	17367	21063	29341	31719	32278	32416	32434	17367	21063	29341	31719	32278	32416	32434	17367	21063	29341	31719	32278	32416	32434	
chr20	23631899	23632399	17367	11804	16457	17824	18157	18231	18239	17367	11804	16457	17824	18157	18231	18239	17367	11804	16457	17824	18157	18231	18239	17367	11804	16457	17824	18157	18231	18239	17367	11804	16457	17824	18157	18231	18239	17367	11804	16457	17824	18157	18231	18239	17367	11804	16457	17824	18157	18231	18239	17367	11804	16457	17824	18157	18231	18239	17367	11804	16457	17824	18157	18231	18239	17367	11804	16457	17824	18157	18231	18239	17367	11804	16457	17824	18157	18231	18239	
chr20	23622709	23623209	13556	36406	14269	15462	15755	15819	15827	13556	36406	14269	15462	15755	15819	15827	13556	36406	14269	15462	15755	15819	15827	13556	36406	14269	15462	15755	15819	15827	13556	36406	14269	15462	15755	15819	15827	13556	36406	14269	15462	15755	15819	15827	13556	36406	14269	15462	15755	15819	15827	13556	36406	14269	15462	15755	15819	15827	13556	36406	14269	15462	15755	15819	15827	13556	36406	14269	15462	15755	15819	15827	13556	36406	14269	15462	15755	15819	15827	
chr20	23637805	23638305	17086	33136	12261	13282	13537	13583	13588	17086	33136	12261	13282	13537	13583	13588	17086	33136	12261	13282	13537	13583	13588	17086	33136	12261	13282	13537	13583	13588	17086	33136	12261	13282	13537	13583	13588	17086	33136	12261	13282	13537	13583	13588	17086	33136	12261	13282	13537	13583	13588	17086	33136	12261	13282	13537	13583	13588	17086	33136	12261	13282	13537	13583	13588	17086	33136	12261	13282	13537	13583	13588	17086	33136	12261	13282	13537	13583	13588	
chr6	43838595	43839095	14391	35608	24939	27003	27486	27595	27610	14391	35608	24939	27003	27486	27595	27610	14391	35608	24939	27003	27486	27595	27610	14391	35608	24939	27003	27486	27595	27610	14391	35608	24939	27003	27486	27595	27610	14391	35608	24939	27003	27486	27595	27610	14391	35608	24939	27003	27486	27595	27610	
chr20	23602204	23602704	17367	11224	15681	16994	17311	17385	17393	17367	11224	15681	16994	17311	17385	17393	17367	11224	15681	16994	17311	17385	17393	17367	11224	15681	16994	17311	17385	17393	17367	11224	15681	16994	17311	17385	17393	17367	11224	15681	16994	17311	17385	17393	17367	11224	15681	16994	17311	17385	17393	17367	11224	15681	16994	17311	17385	17393	17367	11224	15681	16994	17311	17385	17393	17367	11224	15681	16994	17311	17385	17393	17367	11224	15681	16994	17311	17385	17393	
chr15	45392004	45392504	519	49244	48727	49138	49670	30908	30925	519	49244	48727	49138	49670	30908	30925	519	49244	48727	49138	49670	30908	30925	519	49244	48727	49138	49670	30908	30925	519	49244	48727	49138	49670	30908	30925	519	49244	48727	49138	49670	30908	30925	519	49244	48727	49138	49670	30908	30925	
