snp	pos	chr	start	end	Naive-B	Naive-T	CM	NK	memory-B	cDC	CD8T	
rs1773138	7831737	chr1	7831359	7831859	17367	13207	18396	19920	20291	20375	20385	17367	13207	18396	19920	20291	20375	20385	17367	13207	18396	19920	20291	20375	20385	17367	13207	18396	19920	20291	20375	20385	17367	13207	18396	19920	20291	20375	20385	17367	13207	18396	19920	20291	20375	20385	17367	13207	18396	19920	20291	20375	20385	17367	13207	18396	19920	20291	20375	20385	17367	13207	18396	19920	20291	20375	20385	17367	13207	18396	19920	20291	20375	20385	
rs574087	64335476	chr11	64335030	64335530	7877	41904	47135	21542	21942	22032	22043	7877	41904	47135	21542	21942	22032	22043	7877	41904	47135	21542	21942	22032	22043	7877	41904	47135	21542	21942	22032	22043	7877	41904	47135	21542	21942	22032	22043	7877	41904	47135	21542	21942	22032	22043	7877	41904	47135	21542	21942	22032	22043	7877	41904	47135	21542	21942	22032	22043	7877	41904	47135	21542	21942	22032	22043	7877	41904	47135	21542	21942	22032	22043	7877	41904	47135	21542	21942	22032	22043	7877	41904	47135	21542	21942	22032	22043	7877	41904	47135	21542	21942	22032	22043	
rs4820091	21940189	chr22	21939906	21940406	17367	7247	10107	10958	11162	11200	11204	17367	7247	10107	10958	11162	11200	11204	17367	7247	10107	10958	11162	11200	11204	17367	7247	10107	10958	11162	11200	11204	17367	7247	10107	10958	11162	11200	11204	17367	7247	10107	10958	11162	11200	11204	17367	7247	10107	10958	11162	11200	11204	17367	7247	10107	10958	11162	11200	11204	17367	7247	10107	10958	11162	11200	11204	
rs4807569	1123379	chr19	1122964	1123464	17367	17314	24137	26128	26599	26708	26723	17367	17314	24137	26128	26599	26708	26723	17367	17314	24137	26128	26599	26708	26723	
11:61602460	61834988	chr11	61834521	61835021	17367	15933	22268	24108	24550	24650	24664	
rs6568423	105994221	chr6	105994130	105994630	17367	2025	2856	3111	3168	3177	3178	17367	2025	2856	3111	3168	3177	3178	17367	2025	2856	3111	3168	3177	3178	17367	2025	2856	3111	3168	3177	3178	
rs62034322	28524513	chr16	28524460	28524960	17367	10100	14131	15314	15604	15668	15676	17367	10100	14131	15314	15604	15668	15676	17367	10100	14131	15314	15604	15668	15676	17367	10100	14131	15314	15604	15668	15676	17367	10100	14131	15314	15604	15668	15676	17367	10100	14131	15314	15604	15668	15676	17367	10100	14131	15314	15604	15668	15676	17367	10100	14131	15314	15604	15668	15676	17367	10100	14131	15314	15604	15668	15676	17367	10100	14131	15314	15604	15668	15676	17367	10100	14131	15314	15604	15668	15676	
rs16967112	38611471	chr15	38611096	38611596	17367	9185	12844	13916	14185	14239	14246	17367	9185	12844	13916	14185	14239	14246	17367	9185	12844	13916	14185	14239	14246	17367	9185	12844	13916	14185	14239	14246	17367	9185	12844	13916	14185	14239	14246	17367	9185	12844	13916	14185	14239	14246	17367	9185	12844	13916	14185	14239	14246	17367	9185	12844	13916	14185	14239	14246	17367	9185	12844	13916	14185	14239	14246	17367	9185	12844	13916	14185	14239	14246	17367	9185	12844	13916	14185	14239	14246	17367	9185	12844	13916	14185	14239	14246	17367	9185	12844	13916	14185	14239	14246	17367	9185	12844	13916	14185	14239	14246	
rs174561	61815236	chr11	61815137	61815637	16955	33307	43764	47288	48101	48296	48336	16955	33307	43764	47288	48101	48296	48336	16955	33307	43764	47288	48101	48296	48336	16955	33307	43764	47288	48101	48296	48336	16955	33307	43764	47288	48101	48296	48336	16955	33307	43764	47288	48101	48296	48336	16955	33307	43764	47288	48101	48296	48336	16955	33307	43764	47288	48101	48296	48336	16955	33307	43764	47288	48101	48296	48336	16955	33307	43764	47288	48101	48296	48336	16955	33307	43764	47288	48101	48296	48336	
rs714027	30181782	chr22	30181648	30182148	17367	3697	5239	5697	5803	5822	5825	
rs174576	61836038	chr11	61835598	61836098	17367	12431	17301	18736	19083	19163	19172	17367	12431	17301	18736	19083	19163	19172	17367	12431	17301	18736	19083	19163	19172	17367	12431	17301	18736	19083	19163	19172	17367	12431	17301	18736	19083	19163	19172	17367	12431	17301	18736	19083	19163	19172	17367	12431	17301	18736	19083	19163	19172	17367	12431	17301	18736	19083	19163	19172	17367	12431	17301	18736	19083	19163	19172	17367	12431	17301	18736	19083	19163	19172	17367	12431	17301	18736	19083	19163	19172	17367	12431	17301	18736	19083	19163	19172	17367	12431	17301	18736	19083	19163	19172	
rs3753503	7781911	chr1	7781896	7782396	8930	40957	42047	45453	46236	46425	46463	8930	40957	42047	45453	46236	46425	46463	8930	40957	42047	45453	46236	46425	46463	8930	40957	42047	45453	46236	46425	46463	8930	40957	42047	45453	46236	46425	46463	8930	40957	42047	45453	46236	46425	46463	8930	40957	42047	45453	46236	46425	46463	8930	40957	42047	45453	46236	46425	46463	
rs5749485	21938224	chr22	21937962	21938462	12373	37519	32164	34770	35377	35528	35550	12373	37519	32164	34770	35377	35528	35550	12373	37519	32164	34770	35377	35528	35550	12373	37519	32164	34770	35377	35528	35550	12373	37519	32164	34770	35377	35528	35550	12373	37519	32164	34770	35377	35528	35550	12373	37519	32164	34770	35377	35528	35550	12373	37519	32164	34770	35377	35528	35550	12373	37519	32164	34770	35377	35528	35550	
rs76450091	43540050	chr2	43539948	43540448	11037	38867	32264	34878	35487	35639	35661	
rs4917127	50218038	chr7	50217818	50218318	17367	10785	15080	16333	16637	16708	16716	17367	10785	15080	16333	16637	16708	16716	17367	10785	15080	16333	16637	16708	16716	17367	10785	15080	16333	16637	16708	16716	17367	10785	15080	16333	16637	16708	16716	17367	10785	15080	16333	16637	16708	16716	17367	10785	15080	16333	16637	16708	16716	17367	10785	15080	16333	16637	16708	16716	17367	10785	15080	16333	16637	16708	16716	17367	10785	15080	16333	16637	16708	16716	
rs17293632	67150258	chr15	67150010	67150510	17367	7824	10921	11833	12056	12096	12101	17367	7824	10921	11833	12056	12096	12101	17367	7824	10921	11833	12056	12096	12101	17367	7824	10921	11833	12056	12096	12101	17367	7824	10921	11833	12056	12096	12101	
rs2006788	25279683	chr2	25279184	25279684	382	49124	48132	49475	49674	49780	39302	382	49124	48132	49475	49674	49780	39302	382	49124	48132	49475	49674	49780	39302	382	49124	48132	49475	49674	49780	39302	382	49124	48132	49475	49674	49780	39302	382	49124	48132	49475	49674	49780	39302	382	49124	48132	49475	49674	49780	39302	382	49124	48132	49475	49674	49780	39302	
rs9457261	167054191	chr6	167054097	167054597	17367	8809	12338	13363	13619	13666	13671	17367	8809	12338	13363	13619	13666	13671	17367	8809	12338	13363	13619	13666	13671	17367	8809	12338	13363	13619	13666	13671	17367	8809	12338	13363	13619	13666	13671	17367	8809	12338	13363	13619	13666	13671	17367	8809	12338	13363	13619	13666	13671	17367	8809	12338	13363	13619	13666	13671	17367	8809	12338	13363	13619	13666	13671	17367	8809	12338	13363	13619	13666	13671	17367	8809	12338	13363	13619	13666	13671	17367	8809	12338	13363	13619	13666	13671	
rs73314714	88030463	chr14	88030084	88030584	17367	25130	35049	37887	38538	38699	38723	17367	25130	35049	37887	38538	38699	38723	17367	25130	35049	37887	38538	38699	38723	17367	25130	35049	37887	38538	38699	38723	17367	25130	35049	37887	38538	38699	38723	17367	25130	35049	37887	38538	38699	38723	17367	25130	35049	37887	38538	38699	38723	17367	25130	35049	37887	38538	38699	38723	17367	25130	35049	37887	38538	38699	38723	17367	25130	35049	37887	38538	38699	38723	17367	25130	35049	37887	38538	38699	38723	17367	25130	35049	37887	38538	38699	38723	
rs926914	41022150	chr22	41021786	41022286	16402	33901	32652	35307	35921	36075	36097	16402	33901	32652	35307	35921	36075	36097	16402	33901	32652	35307	35921	36075	36097	16402	33901	32652	35307	35921	36075	36097	16402	33901	32652	35307	35921	36075	36097	16402	33901	32652	35307	35921	36075	36097	16402	33901	32652	35307	35921	36075	36097	
11:61594920	61827448	chr11	61827143	61827643	702	49156	11021	11942	12166	12206	12211	702	49156	11021	11942	12166	12206	12211	702	49156	11021	11942	12166	12206	12211	702	49156	11021	11942	12166	12206	12211	702	49156	11021	11942	12166	12206	12211	702	49156	11021	11942	12166	12206	12211	702	49156	11021	11942	12166	12206	12211	702	49156	11021	11942	12166	12206	12211	702	49156	11021	11942	12166	12206	12211	702	49156	11021	11942	12166	12206	12211	702	49156	11021	11942	12166	12206	12211	702	49156	11021	11942	12166	12206	12211	702	49156	11021	11942	12166	12206	12211	
rs9611131	39662480	chr22	39662228	39662728	6826	42998	44956	48573	49408	49608	49650	6826	42998	44956	48573	49408	49608	49650	
rs9292777	40437846	chr5	40437421	40437921	16701	33662	21898	23709	24137	24235	24248	16701	33662	21898	23709	24137	24235	24248	16701	33662	21898	23709	24137	24235	24248	16701	33662	21898	23709	24137	24235	24248	16701	33662	21898	23709	24137	24235	24248	16701	33662	21898	23709	24137	24235	24248	16701	33662	21898	23709	24137	24235	24248	16701	33662	21898	23709	24137	24235	24248	16701	33662	21898	23709	24137	24235	24248	16701	33662	21898	23709	24137	24235	24248	16701	33662	21898	23709	24137	24235	24248	16701	33662	21898	23709	24137	24235	24248	
rs5749493	21939687	chr22	21939350	21939850	7585	42258	26617	28789	29304	29423	29439	7585	42258	26617	28789	29304	29423	29439	7585	42258	26617	28789	29304	29423	29439	7585	42258	26617	28789	29304	29423	29439	7585	42258	26617	28789	29304	29423	29439	7585	42258	26617	28789	29304	29423	29439	7585	42258	26617	28789	29304	29423	29439	7585	42258	26617	28789	29304	29423	29439	7585	42258	26617	28789	29304	29423	29439	
rs4821104	21950405	chr22	21950390	21950890	17367	13654	19003	20576	20958	21045	21055	17367	13654	19003	20576	20958	21045	21055	17367	13654	19003	20576	20958	21045	21055	17367	13654	19003	20576	20958	21045	21055	17367	13654	19003	20576	20958	21045	21055	17367	13654	19003	20576	20958	21045	21055	17367	13654	19003	20576	20958	21045	21055	17367	13654	19003	20576	20958	21045	21055	17367	13654	19003	20576	20958	21045	21055	
rs5749495	21940310	chr22	21939906	21940406	17367	7247	10107	10958	11162	11200	11204	17367	7247	10107	10958	11162	11200	11204	17367	7247	10107	10958	11162	11200	11204	17367	7247	10107	10958	11162	11200	11204	17367	7247	10107	10958	11162	11200	11204	17367	7247	10107	10958	11162	11200	11204	17367	7247	10107	10958	11162	11200	11204	17367	7247	10107	10958	11162	11200	11204	17367	7247	10107	10958	11162	11200	11204	
rs10473187	40385032	chr5	40384944	40385444	17367	12000	16721	18115	18453	18528	18537	17367	12000	16721	18115	18453	18528	18537	17367	12000	16721	18115	18453	18528	18537	17367	12000	16721	18115	18453	18528	18537	17367	12000	16721	18115	18453	18528	18537	17367	12000	16721	18115	18453	18528	18537	17367	12000	16721	18115	18453	18528	18537	17367	12000	16721	18115	18453	18528	18537	17367	12000	16721	18115	18453	18528	18537	17367	12000	16721	18115	18453	18528	18537	17367	12000	16721	18115	18453	18528	18537	17367	12000	16721	18115	18453	18528	18537	
rs5754217	21939675	chr22	21939350	21939850	7585	42258	26617	28789	29304	29423	29439	7585	42258	26617	28789	29304	29423	29439	7585	42258	26617	28789	29304	29423	29439	7585	42258	26617	28789	29304	29423	29439	7585	42258	26617	28789	29304	29423	29439	7585	42258	26617	28789	29304	29423	29439	7585	42258	26617	28789	29304	29423	29439	7585	42258	26617	28789	29304	29423	29439	7585	42258	26617	28789	29304	29423	29439	
rs41294713	6038391	chr10	6038070	6038570	12771	37109	35891	38795	39459	39625	39651	12771	37109	35891	38795	39459	39625	39651	12771	37109	35891	38795	39459	39625	39651	12771	37109	35891	38795	39459	39625	39651	12771	37109	35891	38795	39459	39625	39651	12771	37109	35891	38795	39459	39625	39651	12771	37109	35891	38795	39459	39625	39651	12771	37109	35891	38795	39459	39625	39651	
rs516124	64360951	chr11	64360574	64361074	17367	7579	10590	11478	11692	11730	11735	
rs1635852	28149792	chr7	28149672	28150172	17367	7255	10120	10972	11177	11215	11219	17367	7255	10120	10972	11177	11215	11219	17367	7255	10120	10972	11177	11215	11219	17367	7255	10120	10972	11177	11215	11219	17367	7255	10120	10972	11177	11215	11219	17367	7255	10120	10972	11177	11215	11219	17367	7255	10120	10972	11177	11215	11219	17367	7255	10120	10972	11177	11215	11219	17367	7255	10120	10972	11177	11215	11219	17367	7255	10120	10972	11177	11215	11219	17367	7255	10120	10972	11177	11215	11219	
