chr	start	end	Naive-B	Naive-T	CM	NK	memory-B	cDC	CD8T	
chr8	19962211	19962711	11150	38060	47317	14617	14894	14954	14961	11150	38060	47317	14617	14894	14954	14961	
chr1	39544317	39544817	17367	9199	12865	13940	14209	14263	14270	17367	9199	12865	13940	14209	14263	14270	17367	9199	12865	13940	14209	14263	14270	17367	9199	12865	13940	14209	14263	14270	17367	9199	12865	13940	14209	14263	14270	17367	9199	12865	13940	14209	14263	14270	17367	9199	12865	13940	14209	14263	14270	17367	9199	12865	13940	14209	14263	14270	17367	9199	12865	13940	14209	14263	14270	17367	9199	12865	13940	14209	14263	14270	17367	9199	12865	13940	14209	14263	14270	17367	9199	12865	13940	14209	14263	14270	
chr11	47265072	47265572	17367	13269	18479	20008	20380	20466	20476	17367	13269	18479	20008	20380	20466	20476	17367	13269	18479	20008	20380	20466	20476	17367	13269	18479	20008	20380	20466	20476	
chr11	122663790	122664290	17367	695	957	1050	1068	1069	1069	17367	695	957	1050	1068	1069	1069	17367	695	957	1050	1068	1069	1069	17367	695	957	1050	1068	1069	1069	17367	695	957	1050	1068	1069	1069	17367	695	957	1050	1068	1069	1069	17367	695	957	1050	1068	1069	1069	
chr11	61827143	61827643	702	49156	11021	11942	12166	12206	12211	702	49156	11021	11942	12166	12206	12211	702	49156	11021	11942	12166	12206	12211	702	49156	11021	11942	12166	12206	12211	702	49156	11021	11942	12166	12206	12211	702	49156	11021	11942	12166	12206	12211	702	49156	11021	11942	12166	12206	12211	702	49156	11021	11942	12166	12206	12211	702	49156	11021	11942	12166	12206	12211	702	49156	11021	11942	12166	12206	12211	
chr11	47317374	47317874	17367	31004	43138	46621	47427	47621	47660	17367	31004	43138	46621	47427	47621	47660	17367	31004	43138	46621	47427	47621	47660	17367	31004	43138	46621	47427	47621	47660	
chr7	130741819	130742319	17367	10799	15100	16356	16661	16732	16740	17367	10799	15100	16356	16661	16732	16740	17367	10799	15100	16356	16661	16732	16740	17367	10799	15100	16356	16661	16732	16740	17367	10799	15100	16356	16661	16732	16740	17367	10799	15100	16356	16661	16732	16740	17367	10799	15100	16356	16661	16732	16740	17367	10799	15100	16356	16661	16732	16740	17367	10799	15100	16356	16661	16732	16740	17367	10799	15100	16356	16661	16732	16740	17367	10799	15100	16356	16661	16732	16740	17367	10799	15100	16356	16661	16732	16740	17367	10799	15100	16356	16661	16732	16740	17367	10799	15100	16356	16661	16732	16740	17367	10799	15100	16356	16661	16732	16740	17367	10799	15100	16356	16661	16732	16740	
chr11	47254317	47254817	17367	859	1184	1291	1315	1316	1316	17367	859	1184	1291	1315	1316	1316	17367	859	1184	1291	1315	1316	1316	17367	859	1184	1291	1315	1316	1316	
chr11	61835598	61836098	17367	12431	17301	18736	19083	19163	19172	17367	12431	17301	18736	19083	19163	19172	17367	12431	17301	18736	19083	19163	19172	17367	12431	17301	18736	19083	19163	19172	17367	12431	17301	18736	19083	19163	19172	17367	12431	17301	18736	19083	19163	19172	17367	12431	17301	18736	19083	19163	19172	17367	12431	17301	18736	19083	19163	19172	17367	12431	17301	18736	19083	19163	19172	17367	12431	17301	18736	19083	19163	19172	
chr11	47270651	47271151	17367	17456	24337	26346	26818	26927	26942	17367	17456	24337	26346	26818	26927	26942	17367	17456	24337	26346	26818	26927	26942	17367	17456	24337	26346	26818	26927	26942	
chr22	21950390	21950890	17367	13654	19003	20576	20958	21045	21055	17367	13654	19003	20576	20958	21045	21055	17367	13654	19003	20576	20958	21045	21055	
chr12	109595218	109595718	17367	21830	30430	32896	33474	33620	33640	17367	21830	30430	32896	33474	33620	33640	17367	21830	30430	32896	33474	33620	33640	17367	21830	30430	32896	33474	33620	33640	17367	21830	30430	32896	33474	33620	33640	17367	21830	30430	32896	33474	33620	33640	17367	21830	30430	32896	33474	33620	33640	17367	21830	30430	32896	33474	33620	33640	17367	21830	30430	32896	33474	33620	33640	17367	21830	30430	32896	33474	33620	33640	17367	21830	30430	32896	33474	33620	33640	17367	21830	30430	32896	33474	33620	33640	
chr16	81501162	81501662	2440	47285	49147	496	509	509	509	2440	47285	49147	496	509	509	509	2440	47285	49147	496	509	509	509	
chr12	57330928	57331428	13992	35932	21081	22817	23234	23328	23339	13992	35932	21081	22817	23234	23328	23339	13992	35932	21081	22817	23234	23328	23339	13992	35932	21081	22817	23234	23328	23339	13992	35932	21081	22817	23234	23328	23339	13992	35932	21081	22817	23234	23328	23339	13992	35932	21081	22817	23234	23328	23339	13992	35932	21081	22817	23234	23328	23339	13992	35932	21081	22817	23234	23328	23339	13992	35932	21081	22817	23234	23328	23339	13992	35932	21081	22817	23234	23328	23339	
chr11	61815137	61815637	16955	33307	43764	47288	48101	48296	48336	16955	33307	43764	47288	48101	48296	48336	16955	33307	43764	47288	48101	48296	48336	16955	33307	43764	47288	48101	48296	48336	16955	33307	43764	47288	48101	48296	48336	16955	33307	43764	47288	48101	48296	48336	16955	33307	43764	47288	48101	48296	48336	16955	33307	43764	47288	48101	48296	48336	16955	33307	43764	47288	48101	48296	48336	16955	33307	43764	47288	48101	48296	48336	
chr22	21939350	21939850	7585	42258	26617	28789	29304	29423	29439	7585	42258	26617	28789	29304	29423	29439	7585	42258	26617	28789	29304	29423	29439	
chr22	21937962	21938462	12373	37519	32164	34770	35377	35528	35550	12373	37519	32164	34770	35377	35528	35550	12373	37519	32164	34770	35377	35528	35550	
chr22	21939906	21940406	17367	7247	10107	10958	11162	11200	11204	17367	7247	10107	10958	11162	11200	11204	17367	7247	10107	10958	11162	11200	11204	
