chr	start	end	Naive-B	Naive-T	CM	NK	memory-B	cDC	CD8T	
chr3	46244383	46244883	17367	6446	9013	9796	9974	10007	10011	17367	6446	9013	9796	9974	10007	10011	17367	6446	9013	9796	9974	10007	10011	17367	6446	9013	9796	9974	10007	10011	17367	6446	9013	9796	9974	10007	10011	
chr7	28203748	28204248	17367	27268	37953	41034	41731	41906	41937	17367	27268	37953	41034	41731	41906	41937	17367	27268	37953	41034	41731	41906	41937	17367	27268	37953	41034	41731	41906	41937	17367	27268	37953	41034	41731	41906	41937	17367	27268	37953	41034	41731	41906	41937	17367	27268	37953	41034	41731	41906	41937	17367	27268	37953	41034	41731	41906	41937	17367	27268	37953	41034	41731	41906	41937	17367	27268	37953	41034	41731	41906	41937	17367	27268	37953	41034	41731	41906	41937	17367	27268	37953	41034	41731	41906	41937	
chr22	21950390	21950890	17367	13654	19003	20576	20958	21045	21055	17367	13654	19003	20576	20958	21045	21055	17367	13654	19003	20576	20958	21045	21055	17367	13654	19003	20576	20958	21045	21055	17367	13654	19003	20576	20958	21045	21055	
chr1	24872464	24872964	14994	35072	21839	23645	24071	24169	24181	14994	35072	21839	23645	24071	24169	24181	14994	35072	21839	23645	24071	24169	24181	14994	35072	21839	23645	24071	24169	24181	14994	35072	21839	23645	24071	24169	24181	14994	35072	21839	23645	24071	24169	24181	14994	35072	21839	23645	24071	24169	24181	
chr12	6383809	6384309	16955	32806	45359	9385	9558	9590	9594	16955	32806	45359	9385	9558	9590	9594	16955	32806	45359	9385	9558	9590	9594	16955	32806	45359	9385	9558	9590	9594	16955	32806	45359	9385	9558	9590	9594	16955	32806	45359	9385	9558	9590	9594	16955	32806	45359	9385	9558	9590	9594	16955	32806	45359	9385	9558	9590	9594	16955	32806	45359	9385	9558	9590	9594	16955	32806	45359	9385	9558	9590	9594	16955	32806	45359	9385	9558	9590	9594	
chr3	46368531	46369031	17367	9244	12927	14007	14278	14333	14340	17367	9244	12927	14007	14278	14333	14340	
chr22	21939906	21940406	17367	7247	10107	10958	11162	11200	11204	17367	7247	10107	10958	11162	11200	11204	17367	7247	10107	10958	11162	11200	11204	17367	7247	10107	10958	11162	11200	11204	17367	7247	10107	10958	11162	11200	11204	
chr3	46316202	46316702	1622	48218	38163	41260	41960	42135	42167	1622	48218	38163	41260	41960	42135	42167	1622	48218	38163	41260	41960	42135	42167	
chr22	21937962	21938462	12373	37519	32164	34770	35377	35528	35550	12373	37519	32164	34770	35377	35528	35550	12373	37519	32164	34770	35377	35528	35550	12373	37519	32164	34770	35377	35528	35550	12373	37519	32164	34770	35377	35528	35550	
chr22	21939350	21939850	7585	42258	26617	28789	29304	29423	29439	7585	42258	26617	28789	29304	29423	29439	7585	42258	26617	28789	29304	29423	29439	7585	42258	26617	28789	29304	29423	29439	7585	42258	26617	28789	29304	29423	29439	
