snp	pos	chr	start	end	Naive-B	Naive-T	CM	NK	memory-B	cDC	CD8T	
rs41490645	46368646	chr3	46368531	46369031	17367	9244	12927	14007	14278	14333	14340	17367	9244	12927	14007	14278	14333	14340	
rs6686594	24872791	chr1	24872464	24872964	14994	35072	21839	23645	24071	24169	24181	14994	35072	21839	23645	24071	24169	24181	14994	35072	21839	23645	24071	24169	24181	14994	35072	21839	23645	24071	24169	24181	14994	35072	21839	23645	24071	24169	24181	14994	35072	21839	23645	24071	24169	24181	14994	35072	21839	23645	24071	24169	24181	
rs10281102	28203854	chr7	28203748	28204248	17367	27268	37953	41034	41731	41906	41937	17367	27268	37953	41034	41731	41906	41937	17367	27268	37953	41034	41731	41906	41937	17367	27268	37953	41034	41731	41906	41937	17367	27268	37953	41034	41731	41906	41937	17367	27268	37953	41034	41731	41906	41937	17367	27268	37953	41034	41731	41906	41937	17367	27268	37953	41034	41731	41906	41937	17367	27268	37953	41034	41731	41906	41937	17367	27268	37953	41034	41731	41906	41937	17367	27268	37953	41034	41731	41906	41937	17367	27268	37953	41034	41731	41906	41937	
rs4820091	21940189	chr22	21939906	21940406	17367	7247	10107	10958	11162	11200	11204	17367	7247	10107	10958	11162	11200	11204	17367	7247	10107	10958	11162	11200	11204	17367	7247	10107	10958	11162	11200	11204	17367	7247	10107	10958	11162	11200	11204	
rs5749493	21939687	chr22	21939350	21939850	7585	42258	26617	28789	29304	29423	29439	7585	42258	26617	28789	29304	29423	29439	7585	42258	26617	28789	29304	29423	29439	7585	42258	26617	28789	29304	29423	29439	7585	42258	26617	28789	29304	29423	29439	
rs4821104	21950405	chr22	21950390	21950890	17367	13654	19003	20576	20958	21045	21055	17367	13654	19003	20576	20958	21045	21055	17367	13654	19003	20576	20958	21045	21055	17367	13654	19003	20576	20958	21045	21055	17367	13654	19003	20576	20958	21045	21055	
rs5749485	21938224	chr22	21937962	21938462	12373	37519	32164	34770	35377	35528	35550	12373	37519	32164	34770	35377	35528	35550	12373	37519	32164	34770	35377	35528	35550	12373	37519	32164	34770	35377	35528	35550	12373	37519	32164	34770	35377	35528	35550	
rs113507038	46316331	chr3	46316202	46316702	1622	48218	38163	41260	41960	42135	42167	1622	48218	38163	41260	41960	42135	42167	1622	48218	38163	41260	41960	42135	42167	
rs5749495	21940310	chr22	21939906	21940406	17367	7247	10107	10958	11162	11200	11204	17367	7247	10107	10958	11162	11200	11204	17367	7247	10107	10958	11162	11200	11204	17367	7247	10107	10958	11162	11200	11204	17367	7247	10107	10958	11162	11200	11204	
rs10849448	6384185	chr12	6383809	6384309	16955	32806	45359	9385	9558	9590	9594	16955	32806	45359	9385	9558	9590	9594	16955	32806	45359	9385	9558	9590	9594	16955	32806	45359	9385	9558	9590	9594	16955	32806	45359	9385	9558	9590	9594	16955	32806	45359	9385	9558	9590	9594	16955	32806	45359	9385	9558	9590	9594	16955	32806	45359	9385	9558	9590	9594	16955	32806	45359	9385	9558	9590	9594	16955	32806	45359	9385	9558	9590	9594	16955	32806	45359	9385	9558	9590	9594	
rs5754217	21939675	chr22	21939350	21939850	7585	42258	26617	28789	29304	29423	29439	7585	42258	26617	28789	29304	29423	29439	7585	42258	26617	28789	29304	29423	29439	7585	42258	26617	28789	29304	29423	29439	7585	42258	26617	28789	29304	29423	29439	
rs113676185	46244555	chr3	46244383	46244883	17367	6446	9013	9796	9974	10007	10011	17367	6446	9013	9796	9974	10007	10011	17367	6446	9013	9796	9974	10007	10011	17367	6446	9013	9796	9974	10007	10011	17367	6446	9013	9796	9974	10007	10011	
