snp	pos	chr	start	end	Naive-B	Naive-T	CM	NK	memory-B	cDC	CD8T	
rs9693589	11491452	chr8	11491308	11491808	17367	3191	4535	4934	5024	5041	5043	
rs13277113	11491677	chr8	11491308	11491808	17367	3191	4535	4934	5024	5041	5043	
rs2251056	11492067	chr8	11491842	11492342	4991	44858	10634	11524	11740	11778	11783	4991	44858	10634	11524	11740	11778	11783	4991	44858	10634	11524	11740	11778	11783	4991	44858	10634	11524	11740	11778	11783	4991	44858	10634	11524	11740	11778	11783	4991	44858	10634	11524	11740	11778	11783	4991	44858	10634	11524	11740	11778	11783	4991	44858	10634	11524	11740	11778	11783	4991	44858	10634	11524	11740	11778	11783	4991	44858	10634	11524	11740	11778	11783	
rs2250788	11494547	chr8	11494113	11494613	2662	47224	2721	2967	3023	3032	3033	2662	47224	2721	2967	3023	3032	3033	2662	47224	2721	2967	3023	3032	3033	2662	47224	2721	2967	3023	3032	3033	2662	47224	2721	2967	3023	3032	3033	2662	47224	2721	2967	3023	3032	3033	2662	47224	2721	2967	3023	3032	3033	2662	47224	2721	2967	3023	3032	3033	2662	47224	2721	2967	3023	3032	3033	2662	47224	2721	2967	3023	3032	3033	
rs9694294	11493212	chr8	11493070	11493570	3594	46286	6349	6907	7027	7049	7052	3594	46286	6349	6907	7027	7049	7052	3594	46286	6349	6907	7027	7049	7052	3594	46286	6349	6907	7027	7049	7052	3594	46286	6349	6907	7027	7049	7052	3594	46286	6349	6907	7027	7049	7052	3594	46286	6349	6907	7027	7049	7052	3594	46286	6349	6907	7027	7049	7052	3594	46286	6349	6907	7027	7049	7052	3594	46286	6349	6907	7027	7049	7052	
rs2736343	11491741	chr8	11491308	11491808	17367	3191	4535	4934	5024	5041	5043	17367	3191	4535	4934	5024	5041	5043	17367	3191	4535	4934	5024	5041	5043	17367	3191	4535	4934	5024	5041	5043	17367	3191	4535	4934	5024	5041	5043	17367	3191	4535	4934	5024	5041	5043	17367	3191	4535	4934	5024	5041	5043	17367	3191	4535	4934	5024	5041	5043	17367	3191	4535	4934	5024	5041	5043	17367	3191	4535	4934	5024	5041	5043	
rs922483	11494403	chr8	11494113	11494613	2662	47224	2721	2967	3023	3032	3033	2662	47224	2721	2967	3023	3032	3033	
rs2736345	11494976	chr8	11494721	11495221	17367	16772	23380	25313	25770	25878	25892	17367	16772	23380	25313	25770	25878	25892	
rs2736344	11493169	chr8	11493070	11493570	3594	46286	6349	6907	7027	7049	7052	3594	46286	6349	6907	7027	7049	7052	3594	46286	6349	6907	7027	7049	7052	3594	46286	6349	6907	7027	7049	7052	3594	46286	6349	6907	7027	7049	7052	3594	46286	6349	6907	7027	7049	7052	3594	46286	6349	6907	7027	7049	7052	3594	46286	6349	6907	7027	7049	7052	3594	46286	6349	6907	7027	7049	7052	3594	46286	6349	6907	7027	7049	7052	
rs2618476	11495032	chr8	11494721	11495221	17367	16772	23380	25313	25770	25878	25892	
