snp	pos	chr	start	end	Naive-B	Naive-T	CM	NK	memory-B	cDC	CD8T	
rs587422	160012018	chr3	160012008	160012508	2242	47638	25952	28084	28589	28706	28722	2242	47638	25952	28084	28589	28706	28722	2242	47638	25952	28084	28589	28706	28722	2242	47638	25952	28084	28589	28706	28722	
rs1727294	123131967	chr12	123131929	123132429	17367	27301	38003	41086	41784	41959	41990	
rs715412	118813901	chr11	118813509	118814009	17367	5469	7684	8349	8496	8523	8527	17367	5469	7684	8349	8496	8523	8527	17367	5469	7684	8349	8496	8523	8527	17367	5469	7684	8349	8496	8523	8527	17367	5469	7684	8349	8496	8523	8527	17367	5469	7684	8349	8496	8523	8527	17367	5469	7684	8349	8496	8523	8527	17367	5469	7684	8349	8496	8523	8527	
rs11742240	35881274	chr5	35880867	35881367	17367	20661	28776	31107	31655	31785	31803	17367	20661	28776	31107	31655	31785	31803	17367	20661	28776	31107	31655	31785	31803	17367	20661	28776	31107	31655	31785	31803	17367	20661	28776	31107	31655	31785	31803	17367	20661	28776	31107	31655	31785	31803	17367	20661	28776	31107	31655	31785	31803	
rs7203793	11088277	chr16	11088170	11088670	17367	23068	32171	34777	35384	35535	35557	17367	23068	32171	34777	35384	35535	35557	17367	23068	32171	34777	35384	35535	35557	17367	23068	32171	34777	35384	35535	35557	17367	23068	32171	34777	35384	35535	35557	17367	23068	32171	34777	35384	35535	35557	17367	23068	32171	34777	35384	35535	35557	17367	23068	32171	34777	35384	35535	35557	17367	23068	32171	34777	35384	35535	35557	17367	23068	32171	34777	35384	35535	35557	
rs11554159	18175134	chr19	18175122	18175622	17367	20458	28475	30778	31323	31451	31469	17367	20458	28475	30778	31323	31451	31469	17367	20458	28475	30778	31323	31451	31469	17367	20458	28475	30778	31323	31451	31469	17367	20458	28475	30778	31323	31451	31469	17367	20458	28475	30778	31323	31451	31469	17367	20458	28475	30778	31323	31451	31469	17367	20458	28475	30778	31323	31451	31469	
rs77801025	37363589	chr7	37363527	37364027	17367	25240	35214	38067	38718	38879	38903	17367	25240	35214	38067	38718	38879	38903	17367	25240	35214	38067	38718	38879	38903	17367	25240	35214	38067	38718	38879	38903	17367	25240	35214	38067	38718	38879	38903	17367	25240	35214	38067	38718	38879	38903	17367	25240	35214	38067	38718	38879	38903	17367	25240	35214	38067	38718	38879	38903	17367	25240	35214	38067	38718	38879	38903	17367	25240	35214	38067	38718	38879	38903	
rs2021511	11251046	chr16	11250804	11251304	17367	23377	32582	35223	35837	35991	36013	17367	23377	32582	35223	35837	35991	36013	17367	23377	32582	35223	35837	35991	36013	17367	23377	32582	35223	35837	35991	36013	17367	23377	32582	35223	35837	35991	36013	17367	23377	32582	35223	35837	35991	36013	17367	23377	32582	35223	35837	35991	36013	17367	23377	32582	35223	35837	35991	36013	
rs2364482	6392965	chr12	6392521	6393021	17367	11775	16423	17788	18121	18195	18203	17367	11775	16423	17788	18121	18195	18203	17367	11775	16423	17788	18121	18195	18203	
12:123556386	123071839	chr12	123071815	123072315	17367	21009	29274	31646	32205	32343	32361	
rs9652601	11080508	chr16	11080239	11080739	17367	11762	16404	17769	18101	18175	18183	17367	11762	16404	17769	18101	18175	18183	17367	11762	16404	17769	18101	18175	18183	17367	11762	16404	17769	18101	18175	18183	17367	11762	16404	17769	18101	18175	18183	17367	11762	16404	17769	18101	18175	18183	17367	11762	16404	17769	18101	18175	18183	17367	11762	16404	17769	18101	18175	18183	17367	11762	16404	17769	18101	18175	18183	
rs11922347	122077242	chr3	122076858	122077358	2262	47616	17451	18898	19247	19328	19337	2262	47616	17451	18898	19247	19328	19337	2262	47616	17451	18898	19247	19328	19337	
rs10772079	9721798	chr12	9721707	9722207	3863	45839	48783	1881	1917	1921	1921	3863	45839	48783	1881	1917	1921	1921	3863	45839	48783	1881	1917	1921	1921	3863	45839	48783	1881	1917	1921	1921	3863	45839	48783	1881	1917	1921	1921	3863	45839	48783	1881	1917	1921	1921	
rs243318	11264161	chr16	11263749	11264249	17367	15701	21954	23767	24200	24298	24311	17367	15701	21954	23767	24200	24298	24311	17367	15701	21954	23767	24200	24298	24311	17367	15701	21954	23767	24200	24298	24311	17367	15701	21954	23767	24200	24298	24311	17367	15701	21954	23767	24200	24298	24311	17367	15701	21954	23767	24200	24298	24311	17367	15701	21954	23767	24200	24298	24311	
rs9849719	18745764	chr3	18745411	18745911	810	49024	6420	6986	7108	7130	7133	810	49024	6420	6986	7108	7130	7133	810	49024	6420	6986	7108	7130	7133	810	49024	6420	6986	7108	7130	7133	810	49024	6420	6986	7108	7130	7133	810	49024	6420	6986	7108	7130	7133	810	49024	6420	6986	7108	7130	7133	
rs9282641	122077921	chr3	122077583	122078083	2222	47476	48951	49534	11027	11065	11069	2222	47476	48951	49534	11027	11065	11069	2222	47476	48951	49534	11027	11065	11069	
rs2250788	11494547	chr8	11494113	11494613	2662	47224	2721	2967	3023	3032	3033	2662	47224	2721	2967	3023	3032	3033	2662	47224	2721	2967	3023	3032	3033	
rs9652582	11080707	chr16	11080239	11080739	17367	11762	16404	17769	18101	18175	18183	17367	11762	16404	17769	18101	18175	18183	17367	11762	16404	17769	18101	18175	18183	17367	11762	16404	17769	18101	18175	18183	17367	11762	16404	17769	18101	18175	18183	17367	11762	16404	17769	18101	18175	18183	17367	11762	16404	17769	18101	18175	18183	17367	11762	16404	17769	18101	18175	18183	17367	11762	16404	17769	18101	18175	18183	
rs12924729	11093926	chr16	11093452	11093952	17367	21725	30287	32745	33319	33465	33485	17367	21725	30287	32745	33319	33465	33485	17367	21725	30287	32745	33319	33465	33485	17367	21725	30287	32745	33319	33465	33485	17367	21725	30287	32745	33319	33465	33485	17367	21725	30287	32745	33319	33465	33485	17367	21725	30287	32745	33319	33465	33485	17367	21725	30287	32745	33319	33465	33485	
rs2736343	11491741	chr8	11491308	11491808	17367	3191	4535	4934	5024	5041	5043	17367	3191	4535	4934	5024	5041	5043	17367	3191	4535	4934	5024	5041	5043	
3:159729923	160012136	chr3	160012008	160012508	2242	47638	25952	28084	28589	28706	28722	2242	47638	25952	28084	28589	28706	28722	2242	47638	25952	28084	28589	28706	28722	2242	47638	25952	28084	28589	28706	28722	
16:11350811	11256954	chr16	11256567	11257067	17367	12418	17280	18715	19062	19142	19151	17367	12418	17280	18715	19062	19142	19151	17367	12418	17280	18715	19062	19142	19151	17367	12418	17280	18715	19062	19142	19151	17367	12418	17280	18715	19062	19142	19151	17367	12418	17280	18715	19062	19142	19151	17367	12418	17280	18715	19062	19142	19151	
rs2120334	68388953	chr2	68388673	68389173	17367	30334	42212	45632	46419	46608	46646	17367	30334	42212	45632	46419	46608	46646	17367	30334	42212	45632	46419	46608	46646	17367	30334	42212	45632	46419	46608	46646	17367	30334	42212	45632	46419	46608	46646	17367	30334	42212	45632	46419	46608	46646	17367	30334	42212	45632	46419	46608	46646	17367	30334	42212	45632	46419	46608	46646	
rs75937181	122064168	chr3	122063843	122064343	11772	38119	43055	46528	47331	47525	47564	11772	38119	43055	46528	47331	47525	47564	11772	38119	43055	46528	47331	47525	47564	
rs6788366	105854480	chr3	105854004	105854504	5331	44515	21513	23284	23706	23802	23814	5331	44515	21513	23284	23706	23802	23814	
rs2736344	11493169	chr8	11493070	11493570	3594	46286	6349	6907	7027	7049	7052	3594	46286	6349	6907	7027	7049	7052	3594	46286	6349	6907	7027	7049	7052	
rs9399148	135523221	chr6	135523105	135523605	17367	4813	6768	7364	7493	7517	7520	17367	4813	6768	7364	7493	7517	7520	17367	4813	6768	7364	7493	7517	7520	17367	4813	6768	7364	7493	7517	7520	17367	4813	6768	7364	7493	7517	7520	17367	4813	6768	7364	7493	7517	7520	17367	4813	6768	7364	7493	7517	7520	17367	4813	6768	7364	7493	7517	7520	17367	4813	6768	7364	7493	7517	7520	17367	4813	6768	7364	7493	7517	7520	17367	4813	6768	7364	7493	7517	7520	
rs10877017	57775578	chr12	57775505	57776005	7513	42333	2218	2423	2470	2477	2478	7513	42333	2218	2423	2470	2477	2478	7513	42333	2218	2423	2470	2477	2478	7513	42333	2218	2423	2470	2477	2478	7513	42333	2218	2423	2470	2477	2478	7513	42333	2218	2423	2470	2477	2478	7513	42333	2218	2423	2470	2477	2478	7513	42333	2218	2423	2470	2477	2478	7513	42333	2218	2423	2470	2477	2478	7513	42333	2218	2423	2470	2477	2478	7513	42333	2218	2423	2470	2477	2478	7513	42333	2218	2423	2470	2477	2478	7513	42333	2218	2423	2470	2477	2478	7513	42333	2218	2423	2470	2477	2478	7513	42333	2218	2423	2470	2477	2478	
rs1860545	6337611	chr12	6337136	6337636	17367	16775	23384	25317	25774	25882	25896	17367	16775	23384	25317	25774	25882	25896	17367	16775	23384	25317	25774	25882	25896	17367	16775	23384	25317	25774	25882	25896	17367	16775	23384	25317	25774	25882	25896	
5:35881130	35881028	chr5	35880867	35881367	17367	20661	28776	31107	31655	31785	31803	17367	20661	28776	31107	31655	31785	31803	17367	20661	28776	31107	31655	31785	31803	17367	20661	28776	31107	31655	31785	31803	17367	20661	28776	31107	31655	31785	31803	17367	20661	28776	31107	31655	31785	31803	17367	20661	28776	31107	31655	31785	31803	
rs4405542	68711597	chr16	68711523	68712023	15646	34554	25250	27336	27822	27935	27951	15646	34554	25250	27336	27822	27935	27951	15646	34554	25250	27336	27822	27935	27951	15646	34554	25250	27336	27822	27935	27951	15646	34554	25250	27336	27822	27935	27951	15646	34554	25250	27336	27822	27935	27951	
rs10844657	9740617	chr12	9740282	9740782	17367	14316	19954	21592	21993	22083	22094	17367	14316	19954	21592	21993	22083	22094	17367	14316	19954	21592	21993	22083	22094	17367	14316	19954	21592	21993	22083	22094	17367	14316	19954	21592	21993	22083	22094	
rs28409215	118808595	chr11	118808309	118808809	17367	26403	36766	39751	40427	40596	40624	17367	26403	36766	39751	40427	40596	40624	17367	26403	36766	39751	40427	40596	40624	17367	26403	36766	39751	40427	40596	40624	17367	26403	36766	39751	40427	40596	40624	17367	26403	36766	39751	40427	40596	40624	17367	26403	36766	39751	40427	40596	40624	17367	26403	36766	39751	40427	40596	40624	
rs483714	160012090	chr3	160012008	160012508	2242	47638	25952	28084	28589	28706	28722	2242	47638	25952	28084	28589	28706	28722	2242	47638	25952	28084	28589	28706	28722	2242	47638	25952	28084	28589	28706	28722	
rs2251056	11492067	chr8	11491842	11492342	4991	44858	10634	11524	11740	11778	11783	4991	44858	10634	11524	11740	11778	11783	4991	44858	10634	11524	11740	11778	11783	
rs9694294	11493212	chr8	11493070	11493570	3594	46286	6349	6907	7027	7049	7052	3594	46286	6349	6907	7027	7049	7052	3594	46286	6349	6907	7027	7049	7052	
rs11576384	10415063	chr1	10414568	10415068	5066	44792	26865	29055	29577	29696	29712	5066	44792	26865	29055	29577	29696	29712	5066	44792	26865	29055	29577	29696	29712	5066	44792	26865	29055	29577	29696	29712	5066	44792	26865	29055	29577	29696	29712	
rs2058531	11078252	chr16	11077754	11078254	4273	45144	49461	22182	22591	22683	22694	4273	45144	49461	22182	22591	22683	22694	4273	45144	49461	22182	22591	22683	22694	4273	45144	49461	22182	22591	22683	22694	4273	45144	49461	22182	22591	22683	22694	4273	45144	49461	22182	22591	22683	22694	4273	45144	49461	22182	22591	22683	22694	4273	45144	49461	22182	22591	22683	22694	4273	45144	49461	22182	22591	22683	22694	
rs10892307	118883940	chr11	118883589	118884089	2823	47064	25430	27529	28019	28134	28150	2823	47064	25430	27529	28019	28134	28150	
rs485499	160028076	chr3	160027726	160028226	17367	10300	14418	15618	15913	15979	15987	17367	10300	14418	15618	15913	15979	15987	17367	10300	14418	15618	15913	15979	15987	17367	10300	14418	15618	15913	15979	15987	
8:11315592	11458083	chr8	11457774	11458274	17367	28723	39973	43206	43940	44120	44154	17367	28723	39973	43206	43940	44120	44154	
rs17066063	137102642	chr6	137102373	137102873	3398	46474	40028	43267	44002	44183	44217	3398	46474	40028	43267	44002	44183	44217	3398	46474	40028	43267	44002	44183	44217	3398	46474	40028	43267	44002	44183	44217	3398	46474	40028	43267	44002	44183	44217	3398	46474	40028	43267	44002	44183	44217	3398	46474	40028	43267	44002	44183	44217	
rs484600	160012174	chr3	160012008	160012508	2242	47638	25952	28084	28589	28706	28722	2242	47638	25952	28084	28589	28706	28722	2242	47638	25952	28084	28589	28706	28722	2242	47638	25952	28084	28589	28706	28722	
16:11346111	11252254	chr16	11251982	11252482	17367	8042	11231	12165	12392	12433	12438	17367	8042	11231	12165	12392	12433	12438	17367	8042	11231	12165	12392	12433	12438	17367	8042	11231	12165	12392	12433	12438	17367	8042	11231	12165	12392	12433	12438	17367	8042	11231	12165	12392	12433	12438	17367	8042	11231	12165	12392	12433	12438	
rs1002076	10378834	chr1	10378402	10378902	13032	36872	1496	1637	1666	1668	1668	13032	36872	1496	1637	1666	1668	1668	13032	36872	1496	1637	1666	1668	1668	13032	36872	1496	1637	1666	1668	1668	13032	36872	1496	1637	1666	1668	1668	
rs7257053	49391199	chr19	49390941	49391441	2333	47540	29887	32321	32888	33029	33047	2333	47540	29887	32321	32888	33029	33047	2333	47540	29887	32321	32888	33029	33047	2333	47540	29887	32321	32888	33029	33047	2333	47540	29887	32321	32888	33029	33047	2333	47540	29887	32321	32888	33029	33047	2333	47540	29887	32321	32888	33029	33047	2333	47540	29887	32321	32888	33029	33047	2333	47540	29887	32321	32888	33029	33047	2333	47540	29887	32321	32888	33029	33047	2333	47540	29887	32321	32888	33029	33047	2333	47540	29887	32321	32888	33029	33047	2333	47540	29887	32321	32888	33029	33047	2333	47540	29887	32321	32888	33029	33047	
rs4780355	11254001	chr16	11253896	11254396	17367	15460	21614	23397	23820	23918	23930	17367	15460	21614	23397	23820	23918	23930	17367	15460	21614	23397	23820	23918	23930	17367	15460	21614	23397	23820	23918	23930	17367	15460	21614	23397	23820	23918	23930	17367	15460	21614	23397	23820	23918	23930	17367	15460	21614	23397	23820	23918	23930	
rs9292777	40437846	chr5	40437421	40437921	16701	33662	21898	23709	24137	24235	24248	
rs485789	160012361	chr3	160012008	160012508	2242	47638	25952	28084	28589	28706	28722	2242	47638	25952	28084	28589	28706	28722	2242	47638	25952	28084	28589	28706	28722	2242	47638	25952	28084	28589	28706	28722	
rs1008610	9731264	chr12	9731081	9731581	17367	12396	17254	18686	19033	19113	19122	17367	12396	17254	18686	19033	19113	19122	17367	12396	17254	18686	19033	19113	19122	17367	12396	17254	18686	19033	19113	19122	17367	12396	17254	18686	19033	19113	19122	17367	12396	17254	18686	19033	19113	19122	
3:159729918	160012131	chr3	160012008	160012508	2242	47638	25952	28084	28589	28706	28722	2242	47638	25952	28084	28589	28706	28722	2242	47638	25952	28084	28589	28706	28722	2242	47638	25952	28084	28589	28706	28722	
rs10473187	40385032	chr5	40384944	40385444	17367	12000	16721	18115	18453	18528	18537	
rs740122	28126823	chr7	28126370	28126870	17367	27073	37687	40755	41448	41620	41649	17367	27073	37687	40755	41448	41620	41649	17367	27073	37687	40755	41448	41620	41649	17367	27073	37687	40755	41448	41620	41649	
rs72975618	137102710	chr6	137102373	137102873	3398	46474	40028	43267	44002	44183	44217	3398	46474	40028	43267	44002	44183	44217	3398	46474	40028	43267	44002	44183	44217	3398	46474	40028	43267	44002	44183	44217	3398	46474	40028	43267	44002	44183	44217	3398	46474	40028	43267	44002	44183	44217	3398	46474	40028	43267	44002	44183	44217	
rs354041	149599944	chr7	149599694	149600194	4708	45149	13442	14564	14841	14900	14907	4708	45149	13442	14564	14841	14900	14907	4708	45149	13442	14564	14841	14900	14907	4708	45149	13442	14564	14841	14900	14907	4708	45149	13442	14564	14841	14900	14907	4708	45149	13442	14564	14841	14900	14907	4708	45149	13442	14564	14841	14900	14907	4708	45149	13442	14564	14841	14900	14907	4708	45149	13442	14564	14841	14900	14907	4708	45149	13442	14564	14841	14900	14907	4708	45149	13442	14564	14841	14900	14907	4708	45149	13442	14564	14841	14900	14907	4708	45149	13442	14564	14841	14900	14907	4708	45149	13442	14564	14841	14900	14907	4708	45149	13442	14564	14841	14900	14907	
rs11742270	35881341	chr5	35880867	35881367	17367	20661	28776	31107	31655	31785	31803	17367	20661	28776	31107	31655	31785	31803	17367	20661	28776	31107	31655	31785	31803	17367	20661	28776	31107	31655	31785	31803	17367	20661	28776	31107	31655	31785	31803	17367	20661	28776	31107	31655	31785	31803	17367	20661	28776	31107	31655	31785	31803	
rs354042	149600013	chr7	149599694	149600194	4708	45149	13442	14564	14841	14900	14907	4708	45149	13442	14564	14841	14900	14907	4708	45149	13442	14564	14841	14900	14907	4708	45149	13442	14564	14841	14900	14907	4708	45149	13442	14564	14841	14900	14907	4708	45149	13442	14564	14841	14900	14907	4708	45149	13442	14564	14841	14900	14907	4708	45149	13442	14564	14841	14900	14907	4708	45149	13442	14564	14841	14900	14907	4708	45149	13442	14564	14841	14900	14907	4708	45149	13442	14564	14841	14900	14907	4708	45149	13442	14564	14841	14900	14907	4708	45149	13442	14564	14841	14900	14907	4708	45149	13442	14564	14841	14900	14907	4708	45149	13442	14564	14841	14900	14907	
rs1635852	28149792	chr7	28149672	28150172	17367	7255	10120	10972	11177	11215	11219	
rs2288480	49363759	chr19	49363367	49363867	4032	45845	8495	9224	9393	9425	9429	4032	45845	8495	9224	9393	9425	9429	
rs17030410	43129351	chr2	43129044	43129544	17367	22747	31720	34292	34889	35039	35061	17367	22747	31720	34292	34889	35039	35061	17367	22747	31720	34292	34889	35039	35061	17367	22747	31720	34292	34889	35039	35061	17367	22747	31720	34292	34889	35039	35061	17367	22747	31720	34292	34889	35039	35061	17367	22747	31720	34292	34889	35039	35061	
