chr	start	end	Naive-B	Naive-T	CM	NK	memory-B	cDC	CD8T	
chr12	6392521	6393021	17367	11775	16423	17788	18121	18195	18203	17367	11775	16423	17788	18121	18195	18203	17367	11775	16423	17788	18121	18195	18203	
chr2	68388673	68389173	17367	30334	42212	45632	46419	46608	46646	17367	30334	42212	45632	46419	46608	46646	17367	30334	42212	45632	46419	46608	46646	17367	30334	42212	45632	46419	46608	46646	17367	30334	42212	45632	46419	46608	46646	17367	30334	42212	45632	46419	46608	46646	17367	30334	42212	45632	46419	46608	46646	17367	30334	42212	45632	46419	46608	46646	
chr12	9721707	9722207	3863	45839	48783	1881	1917	1921	1921	3863	45839	48783	1881	1917	1921	1921	3863	45839	48783	1881	1917	1921	1921	3863	45839	48783	1881	1917	1921	1921	3863	45839	48783	1881	1917	1921	1921	3863	45839	48783	1881	1917	1921	1921	
chr3	18745411	18745911	810	49024	6420	6986	7108	7130	7133	810	49024	6420	6986	7108	7130	7133	810	49024	6420	6986	7108	7130	7133	810	49024	6420	6986	7108	7130	7133	810	49024	6420	6986	7108	7130	7133	810	49024	6420	6986	7108	7130	7133	810	49024	6420	6986	7108	7130	7133	
chr3	122077583	122078083	2222	47476	48951	49534	11027	11065	11069	2222	47476	48951	49534	11027	11065	11069	2222	47476	48951	49534	11027	11065	11069	
chr16	11080239	11080739	17367	11762	16404	17769	18101	18175	18183	17367	11762	16404	17769	18101	18175	18183	17367	11762	16404	17769	18101	18175	18183	17367	11762	16404	17769	18101	18175	18183	17367	11762	16404	17769	18101	18175	18183	17367	11762	16404	17769	18101	18175	18183	17367	11762	16404	17769	18101	18175	18183	17367	11762	16404	17769	18101	18175	18183	17367	11762	16404	17769	18101	18175	18183	
chr16	11253896	11254396	17367	15460	21614	23397	23820	23918	23930	17367	15460	21614	23397	23820	23918	23930	17367	15460	21614	23397	23820	23918	23930	17367	15460	21614	23397	23820	23918	23930	17367	15460	21614	23397	23820	23918	23930	17367	15460	21614	23397	23820	23918	23930	17367	15460	21614	23397	23820	23918	23930	
chr12	123071815	123072315	17367	21009	29274	31646	32205	32343	32361	
chr3	122076858	122077358	2262	47616	17451	18898	19247	19328	19337	2262	47616	17451	18898	19247	19328	19337	2262	47616	17451	18898	19247	19328	19337	
chr12	123131929	123132429	17367	27301	38003	41086	41784	41959	41990	
chr2	43129044	43129544	17367	22747	31720	34292	34889	35039	35061	17367	22747	31720	34292	34889	35039	35061	17367	22747	31720	34292	34889	35039	35061	17367	22747	31720	34292	34889	35039	35061	17367	22747	31720	34292	34889	35039	35061	17367	22747	31720	34292	34889	35039	35061	17367	22747	31720	34292	34889	35039	35061	
chr19	49363367	49363867	4032	45845	8495	9224	9393	9425	9429	4032	45845	8495	9224	9393	9425	9429	
chr5	35880867	35881367	17367	20661	28776	31107	31655	31785	31803	17367	20661	28776	31107	31655	31785	31803	17367	20661	28776	31107	31655	31785	31803	17367	20661	28776	31107	31655	31785	31803	17367	20661	28776	31107	31655	31785	31803	17367	20661	28776	31107	31655	31785	31803	17367	20661	28776	31107	31655	31785	31803	
chr12	9740282	9740782	17367	14316	19954	21592	21993	22083	22094	17367	14316	19954	21592	21993	22083	22094	17367	14316	19954	21592	21993	22083	22094	17367	14316	19954	21592	21993	22083	22094	17367	14316	19954	21592	21993	22083	22094	
chr6	135523105	135523605	17367	4813	6768	7364	7493	7517	7520	17367	4813	6768	7364	7493	7517	7520	17367	4813	6768	7364	7493	7517	7520	17367	4813	6768	7364	7493	7517	7520	17367	4813	6768	7364	7493	7517	7520	17367	4813	6768	7364	7493	7517	7520	17367	4813	6768	7364	7493	7517	7520	17367	4813	6768	7364	7493	7517	7520	17367	4813	6768	7364	7493	7517	7520	17367	4813	6768	7364	7493	7517	7520	17367	4813	6768	7364	7493	7517	7520	
chr8	11457774	11458274	17367	28723	39973	43206	43940	44120	44154	17367	28723	39973	43206	43940	44120	44154	
chr11	118808309	118808809	17367	26403	36766	39751	40427	40596	40624	17367	26403	36766	39751	40427	40596	40624	17367	26403	36766	39751	40427	40596	40624	17367	26403	36766	39751	40427	40596	40624	17367	26403	36766	39751	40427	40596	40624	17367	26403	36766	39751	40427	40596	40624	17367	26403	36766	39751	40427	40596	40624	17367	26403	36766	39751	40427	40596	40624	
chr16	11093452	11093952	17367	21725	30287	32745	33319	33465	33485	17367	21725	30287	32745	33319	33465	33485	17367	21725	30287	32745	33319	33465	33485	17367	21725	30287	32745	33319	33465	33485	17367	21725	30287	32745	33319	33465	33485	17367	21725	30287	32745	33319	33465	33485	17367	21725	30287	32745	33319	33465	33485	17367	21725	30287	32745	33319	33465	33485	
chr19	18175122	18175622	17367	20458	28475	30778	31323	31451	31469	17367	20458	28475	30778	31323	31451	31469	17367	20458	28475	30778	31323	31451	31469	17367	20458	28475	30778	31323	31451	31469	17367	20458	28475	30778	31323	31451	31469	17367	20458	28475	30778	31323	31451	31469	17367	20458	28475	30778	31323	31451	31469	17367	20458	28475	30778	31323	31451	31469	
chr5	40437421	40437921	16701	33662	21898	23709	24137	24235	24248	
chr12	6337136	6337636	17367	16775	23384	25317	25774	25882	25896	17367	16775	23384	25317	25774	25882	25896	17367	16775	23384	25317	25774	25882	25896	17367	16775	23384	25317	25774	25882	25896	17367	16775	23384	25317	25774	25882	25896	
chr1	10414568	10415068	5066	44792	26865	29055	29577	29696	29712	5066	44792	26865	29055	29577	29696	29712	5066	44792	26865	29055	29577	29696	29712	5066	44792	26865	29055	29577	29696	29712	5066	44792	26865	29055	29577	29696	29712	
chr8	11493070	11493570	3594	46286	6349	6907	7027	7049	7052	3594	46286	6349	6907	7027	7049	7052	3594	46286	6349	6907	7027	7049	7052	
chr16	11256567	11257067	17367	12418	17280	18715	19062	19142	19151	17367	12418	17280	18715	19062	19142	19151	17367	12418	17280	18715	19062	19142	19151	17367	12418	17280	18715	19062	19142	19151	17367	12418	17280	18715	19062	19142	19151	17367	12418	17280	18715	19062	19142	19151	17367	12418	17280	18715	19062	19142	19151	
chr6	137102373	137102873	3398	46474	40028	43267	44002	44183	44217	3398	46474	40028	43267	44002	44183	44217	3398	46474	40028	43267	44002	44183	44217	3398	46474	40028	43267	44002	44183	44217	3398	46474	40028	43267	44002	44183	44217	3398	46474	40028	43267	44002	44183	44217	3398	46474	40028	43267	44002	44183	44217	
chr16	11088170	11088670	17367	23068	32171	34777	35384	35535	35557	17367	23068	32171	34777	35384	35535	35557	17367	23068	32171	34777	35384	35535	35557	17367	23068	32171	34777	35384	35535	35557	17367	23068	32171	34777	35384	35535	35557	17367	23068	32171	34777	35384	35535	35557	17367	23068	32171	34777	35384	35535	35557	17367	23068	32171	34777	35384	35535	35557	17367	23068	32171	34777	35384	35535	35557	17367	23068	32171	34777	35384	35535	35557	
chr7	28126370	28126870	17367	27073	37687	40755	41448	41620	41649	17367	27073	37687	40755	41448	41620	41649	17367	27073	37687	40755	41448	41620	41649	17367	27073	37687	40755	41448	41620	41649	
chr19	49390941	49391441	2333	47540	29887	32321	32888	33029	33047	2333	47540	29887	32321	32888	33029	33047	2333	47540	29887	32321	32888	33029	33047	2333	47540	29887	32321	32888	33029	33047	2333	47540	29887	32321	32888	33029	33047	2333	47540	29887	32321	32888	33029	33047	2333	47540	29887	32321	32888	33029	33047	2333	47540	29887	32321	32888	33029	33047	2333	47540	29887	32321	32888	33029	33047	2333	47540	29887	32321	32888	33029	33047	2333	47540	29887	32321	32888	33029	33047	2333	47540	29887	32321	32888	33029	33047	2333	47540	29887	32321	32888	33029	33047	2333	47540	29887	32321	32888	33029	33047	
chr7	149599694	149600194	4708	45149	13442	14564	14841	14900	14907	4708	45149	13442	14564	14841	14900	14907	4708	45149	13442	14564	14841	14900	14907	4708	45149	13442	14564	14841	14900	14907	4708	45149	13442	14564	14841	14900	14907	4708	45149	13442	14564	14841	14900	14907	4708	45149	13442	14564	14841	14900	14907	4708	45149	13442	14564	14841	14900	14907	4708	45149	13442	14564	14841	14900	14907	4708	45149	13442	14564	14841	14900	14907	4708	45149	13442	14564	14841	14900	14907	4708	45149	13442	14564	14841	14900	14907	4708	45149	13442	14564	14841	14900	14907	4708	45149	13442	14564	14841	14900	14907	4708	45149	13442	14564	14841	14900	14907	
chr16	11077754	11078254	4273	45144	49461	22182	22591	22683	22694	4273	45144	49461	22182	22591	22683	22694	4273	45144	49461	22182	22591	22683	22694	4273	45144	49461	22182	22591	22683	22694	4273	45144	49461	22182	22591	22683	22694	4273	45144	49461	22182	22591	22683	22694	4273	45144	49461	22182	22591	22683	22694	4273	45144	49461	22182	22591	22683	22694	4273	45144	49461	22182	22591	22683	22694	
chr3	122063843	122064343	11772	38119	43055	46528	47331	47525	47564	11772	38119	43055	46528	47331	47525	47564	11772	38119	43055	46528	47331	47525	47564	
chr12	57775505	57776005	7513	42333	2218	2423	2470	2477	2478	7513	42333	2218	2423	2470	2477	2478	7513	42333	2218	2423	2470	2477	2478	7513	42333	2218	2423	2470	2477	2478	7513	42333	2218	2423	2470	2477	2478	7513	42333	2218	2423	2470	2477	2478	7513	42333	2218	2423	2470	2477	2478	7513	42333	2218	2423	2470	2477	2478	7513	42333	2218	2423	2470	2477	2478	7513	42333	2218	2423	2470	2477	2478	7513	42333	2218	2423	2470	2477	2478	7513	42333	2218	2423	2470	2477	2478	7513	42333	2218	2423	2470	2477	2478	7513	42333	2218	2423	2470	2477	2478	7513	42333	2218	2423	2470	2477	2478	
chr11	118813509	118814009	17367	5469	7684	8349	8496	8523	8527	17367	5469	7684	8349	8496	8523	8527	17367	5469	7684	8349	8496	8523	8527	17367	5469	7684	8349	8496	8523	8527	17367	5469	7684	8349	8496	8523	8527	17367	5469	7684	8349	8496	8523	8527	17367	5469	7684	8349	8496	8523	8527	17367	5469	7684	8349	8496	8523	8527	
chr5	40384944	40385444	17367	12000	16721	18115	18453	18528	18537	
chr8	11491842	11492342	4991	44858	10634	11524	11740	11778	11783	4991	44858	10634	11524	11740	11778	11783	4991	44858	10634	11524	11740	11778	11783	
chr11	118883589	118884089	2823	47064	25430	27529	28019	28134	28150	2823	47064	25430	27529	28019	28134	28150	
chr7	28149672	28150172	17367	7255	10120	10972	11177	11215	11219	
chr8	11491308	11491808	17367	3191	4535	4934	5024	5041	5043	17367	3191	4535	4934	5024	5041	5043	17367	3191	4535	4934	5024	5041	5043	
chr16	11251982	11252482	17367	8042	11231	12165	12392	12433	12438	17367	8042	11231	12165	12392	12433	12438	17367	8042	11231	12165	12392	12433	12438	17367	8042	11231	12165	12392	12433	12438	17367	8042	11231	12165	12392	12433	12438	17367	8042	11231	12165	12392	12433	12438	17367	8042	11231	12165	12392	12433	12438	
chr12	9731081	9731581	17367	12396	17254	18686	19033	19113	19122	17367	12396	17254	18686	19033	19113	19122	17367	12396	17254	18686	19033	19113	19122	17367	12396	17254	18686	19033	19113	19122	17367	12396	17254	18686	19033	19113	19122	17367	12396	17254	18686	19033	19113	19122	
chr3	160012008	160012508	2242	47638	25952	28084	28589	28706	28722	2242	47638	25952	28084	28589	28706	28722	2242	47638	25952	28084	28589	28706	28722	2242	47638	25952	28084	28589	28706	28722	
chr16	11250804	11251304	17367	23377	32582	35223	35837	35991	36013	17367	23377	32582	35223	35837	35991	36013	17367	23377	32582	35223	35837	35991	36013	17367	23377	32582	35223	35837	35991	36013	17367	23377	32582	35223	35837	35991	36013	17367	23377	32582	35223	35837	35991	36013	17367	23377	32582	35223	35837	35991	36013	17367	23377	32582	35223	35837	35991	36013	
chr1	10378402	10378902	13032	36872	1496	1637	1666	1668	1668	13032	36872	1496	1637	1666	1668	1668	13032	36872	1496	1637	1666	1668	1668	13032	36872	1496	1637	1666	1668	1668	13032	36872	1496	1637	1666	1668	1668	
chr3	160027726	160028226	17367	10300	14418	15618	15913	15979	15987	17367	10300	14418	15618	15913	15979	15987	17367	10300	14418	15618	15913	15979	15987	17367	10300	14418	15618	15913	15979	15987	
chr7	37363527	37364027	17367	25240	35214	38067	38718	38879	38903	17367	25240	35214	38067	38718	38879	38903	17367	25240	35214	38067	38718	38879	38903	17367	25240	35214	38067	38718	38879	38903	17367	25240	35214	38067	38718	38879	38903	17367	25240	35214	38067	38718	38879	38903	17367	25240	35214	38067	38718	38879	38903	17367	25240	35214	38067	38718	38879	38903	17367	25240	35214	38067	38718	38879	38903	17367	25240	35214	38067	38718	38879	38903	
chr3	105854004	105854504	5331	44515	21513	23284	23706	23802	23814	5331	44515	21513	23284	23706	23802	23814	
chr16	68711523	68712023	15646	34554	25250	27336	27822	27935	27951	15646	34554	25250	27336	27822	27935	27951	15646	34554	25250	27336	27822	27935	27951	15646	34554	25250	27336	27822	27935	27951	15646	34554	25250	27336	27822	27935	27951	15646	34554	25250	27336	27822	27935	27951	
chr8	11494113	11494613	2662	47224	2721	2967	3023	3032	3033	2662	47224	2721	2967	3023	3032	3033	2662	47224	2721	2967	3023	3032	3033	
chr16	11263749	11264249	17367	15701	21954	23767	24200	24298	24311	17367	15701	21954	23767	24200	24298	24311	17367	15701	21954	23767	24200	24298	24311	17367	15701	21954	23767	24200	24298	24311	17367	15701	21954	23767	24200	24298	24311	17367	15701	21954	23767	24200	24298	24311	17367	15701	21954	23767	24200	24298	24311	17367	15701	21954	23767	24200	24298	24311	
