snp	pos	chr	start	end	Naive-B	Naive-T	CM	NK	memory-B	cDC	CD8T	
rs7142860	67927581	chr14	67927205	67927705	17367	22523	31406	33955	34543	34690	34712	17367	22523	31406	33955	34543	34690	34712	17367	22523	31406	33955	34543	34690	34712	17367	22523	31406	33955	34543	34690	34712	17367	22523	31406	33955	34543	34690	34712	17367	22523	31406	33955	34543	34690	34712	
rs7140280	102560654	chr14	102560598	102561098	17367	25710	35853	38755	39419	39584	39610	17367	25710	35853	38755	39419	39584	39610	17367	25710	35853	38755	39419	39584	39610	17367	25710	35853	38755	39419	39584	39610	17367	25710	35853	38755	39419	39584	39610	17367	25710	35853	38755	39419	39584	39610	17367	25710	35853	38755	39419	39584	39610	17367	25710	35853	38755	39419	39584	39610	
rs6580980	54298277	chr12	54297874	54298374	12373	36503	47569	29810	30343	30466	30482	12373	36503	47569	29810	30343	30466	30482	12373	36503	47569	29810	30343	30466	30482	12373	36503	47569	29810	30343	30466	30482	
rs2297066	103100498	chr14	103100354	103100854	17367	8096	11307	12244	12471	12512	12517	17367	8096	11307	12244	12471	12512	12517	17367	8096	11307	12244	12471	12512	12517	17367	8096	11307	12244	12471	12512	12517	17367	8096	11307	12244	12471	12512	12517	17367	8096	11307	12244	12471	12512	12517	17367	8096	11307	12244	12471	12512	12517	17367	8096	11307	12244	12471	12512	12517	17367	8096	11307	12244	12471	12512	12517	17367	8096	11307	12244	12471	12512	12517	17367	8096	11307	12244	12471	12512	12517	17367	8096	11307	12244	12471	12512	12517	17367	8096	11307	12244	12471	12512	12517	17367	8096	11307	12244	12471	12512	12517	17367	8096	11307	12244	12471	12512	12517	17367	8096	11307	12244	12471	12512	12517	
rs2297067	103100448	chr14	103100354	103100854	17367	8096	11307	12244	12471	12512	12517	17367	8096	11307	12244	12471	12512	12517	17367	8096	11307	12244	12471	12512	12517	17367	8096	11307	12244	12471	12512	12517	17367	8096	11307	12244	12471	12512	12517	17367	8096	11307	12244	12471	12512	12517	17367	8096	11307	12244	12471	12512	12517	17367	8096	11307	12244	12471	12512	12517	17367	8096	11307	12244	12471	12512	12517	17367	8096	11307	12244	12471	12512	12517	17367	8096	11307	12244	12471	12512	12517	17367	8096	11307	12244	12471	12512	12517	17367	8096	11307	12244	12471	12512	12517	17367	8096	11307	12244	12471	12512	12517	17367	8096	11307	12244	12471	12512	12517	17367	8096	11307	12244	12471	12512	12517	
rs1684040	64884385	chr15	64883892	64884392	17367	24335	33946	36703	37336	37493	37517	17367	24335	33946	36703	37336	37493	37517	17367	24335	33946	36703	37336	37493	37517	17367	24335	33946	36703	37336	37493	37517	17367	24335	33946	36703	37336	37493	37517	17367	24335	33946	36703	37336	37493	37517	17367	24335	33946	36703	37336	37493	37517	17367	24335	33946	36703	37336	37493	37517	17367	24335	33946	36703	37336	37493	37517	
rs7618405	18209017	chr3	18208791	18209291	14279	34726	47569	7014	7136	7159	7162	14279	34726	47569	7014	7136	7159	7162	
rs4776639	64873260	chr15	64872982	64873482	14119	35843	15966	17301	17624	17698	17706	14119	35843	15966	17301	17624	17698	17706	14119	35843	15966	17301	17624	17698	17706	14119	35843	15966	17301	17624	17698	17706	14119	35843	15966	17301	17624	17698	17706	14119	35843	15966	17301	17624	17698	17706	14119	35843	15966	17301	17624	17698	17706	14119	35843	15966	17301	17624	17698	17706	14119	35843	15966	17301	17624	17698	17706	
rs2228367	16086510	chr19	16086295	16086795	17367	28075	39067	42225	42938	43116	43149	17367	28075	39067	42225	42938	43116	43149	17367	28075	39067	42225	42938	43116	43149	17367	28075	39067	42225	42938	43116	43149	17367	28075	39067	42225	42938	43116	43149	17367	28075	39067	42225	42938	43116	43149	17367	28075	39067	42225	42938	43116	43149	
rs7961894	121927677	chr12	121927364	121927864	5972	43430	48906	49621	49059	49258	49300	5972	43430	48906	49621	49059	49258	49300	
rs1719263	64883993	chr15	64883892	64884392	17367	24335	33946	36703	37336	37493	37517	17367	24335	33946	36703	37336	37493	37517	17367	24335	33946	36703	37336	37493	37517	17367	24335	33946	36703	37336	37493	37517	17367	24335	33946	36703	37336	37493	37517	17367	24335	33946	36703	37336	37493	37517	17367	24335	33946	36703	37336	37493	37517	17367	24335	33946	36703	37336	37493	37517	17367	24335	33946	36703	37336	37493	37517	
rs2238786	19975444	chr22	19975136	19975636	17367	4227	5959	6484	6597	6618	6621	17367	4227	5959	6484	6597	6618	6621	
rs4906226	102561022	chr14	102560598	102561098	17367	25710	35853	38755	39419	39584	39610	17367	25710	35853	38755	39419	39584	39610	17367	25710	35853	38755	39419	39584	39610	17367	25710	35853	38755	39419	39584	39610	17367	25710	35853	38755	39419	39584	39610	17367	25710	35853	38755	39419	39584	39610	
rs7616006	12226148	chr3	12225967	12226467	17367	13658	19007	20581	20963	21050	21060	17367	13658	19007	20581	20963	21050	21060	17367	13658	19007	20581	20963	21050	21060	17367	13658	19007	20581	20963	21050	21060	17367	13658	19007	20581	20963	21050	21060	17367	13658	19007	20581	20963	21050	21060	17367	13658	19007	20581	20963	21050	21060	17367	13658	19007	20581	20963	21050	21060	
rs2336384	11986006	chr1	11985792	11986292	14790	35278	16563	17939	18272	18347	18355	14790	35278	16563	17939	18272	18347	18355	14790	35278	16563	17939	18272	18347	18355	14790	35278	16563	17939	18272	18347	18355	14790	35278	16563	17939	18272	18347	18355	14790	35278	16563	17939	18272	18347	18355	14790	35278	16563	17939	18272	18347	18355	14790	35278	16563	17939	18272	18347	18355	14790	35278	16563	17939	18272	18347	18355	14790	35278	16563	17939	18272	18347	18355	14790	35278	16563	17939	18272	18347	18355	14790	35278	16563	17939	18272	18347	18355	14790	35278	16563	17939	18272	18347	18355	
rs10151896	102573599	chr14	102573489	102573989	17367	1948	2753	2999	3055	3064	3065	17367	1948	2753	2999	3055	3064	3065	17367	1948	2753	2999	3055	3064	3065	17367	1948	2753	2999	3055	3064	3065	17367	1948	2753	2999	3055	3064	3065	17367	1948	2753	2999	3055	3064	3065	17367	1948	2753	2999	3055	3064	3065	
11:119043264	119172555	chr11	119172360	119172860	10904	39011	41723	45111	45886	46074	46112	10904	39011	41723	45111	45886	46074	46112	10904	39011	41723	45111	45886	46074	46112	10904	39011	41723	45111	45886	46074	46112	10904	39011	41723	45111	45886	46074	46112	
rs11160693	102565494	chr14	102565293	102565793	16558	32793	46058	44701	45469	45655	45693	16558	32793	46058	44701	45469	45655	45693	16558	32793	46058	44701	45469	45655	45693	16558	32793	46058	44701	45469	45655	45693	16558	32793	46058	44701	45469	45655	45693	16558	32793	46058	44701	45469	45655	45693	16558	32793	46058	44701	45469	45655	45693	16558	32793	46058	44701	45469	45655	45693	
rs11628318	102573750	chr14	102573489	102573989	17367	1948	2753	2999	3055	3064	3065	17367	1948	2753	2999	3055	3064	3065	17367	1948	2753	2999	3055	3064	3065	17367	1948	2753	2999	3055	3064	3065	17367	1948	2753	2999	3055	3064	3065	17367	1948	2753	2999	3055	3064	3065	17367	1948	2753	2999	3055	3064	3065	17367	1948	2753	2999	3055	3064	3065	
11:61594920	61827448	chr11	61827143	61827643	702	49156	11021	11942	12166	12206	12211	702	49156	11021	11942	12166	12206	12211	
rs1522744	64895675	chr15	64895547	64896047	17367	21624	30142	32595	33164	33309	33327	17367	21624	30142	32595	33164	33309	33327	17367	21624	30142	32595	33164	33309	33327	17367	21624	30142	32595	33164	33309	33327	17367	21624	30142	32595	33164	33309	33327	17367	21624	30142	32595	33164	33309	33327	17367	21624	30142	32595	33164	33309	33327	17367	21624	30142	32595	33164	33309	33327	17367	21624	30142	32595	33164	33309	33327	
rs61418148	103100683	chr14	103100354	103100854	17367	8096	11307	12244	12471	12512	12517	17367	8096	11307	12244	12471	12512	12517	17367	8096	11307	12244	12471	12512	12517	17367	8096	11307	12244	12471	12512	12517	17367	8096	11307	12244	12471	12512	12517	17367	8096	11307	12244	12471	12512	12517	17367	8096	11307	12244	12471	12512	12517	17367	8096	11307	12244	12471	12512	12517	17367	8096	11307	12244	12471	12512	12517	17367	8096	11307	12244	12471	12512	12517	17367	8096	11307	12244	12471	12512	12517	17367	8096	11307	12244	12471	12512	12517	17367	8096	11307	12244	12471	12512	12517	17367	8096	11307	12244	12471	12512	12517	17367	8096	11307	12244	12471	12512	12517	17367	8096	11307	12244	12471	12512	12517	
rs66800452	93039040	chr14	93038880	93039380	17367	4772	6710	7304	7431	7454	7457	17367	4772	6710	7304	7431	7454	7457	17367	4772	6710	7304	7431	7454	7457	17367	4772	6710	7304	7431	7454	7457	17367	4772	6710	7304	7431	7454	7457	17367	4772	6710	7304	7431	7454	7457	17367	4772	6710	7304	7431	7454	7457	17367	4772	6710	7304	7431	7454	7457	
rs7650082	12226280	chr3	12225967	12226467	17367	13658	19007	20581	20963	21050	21060	17367	13658	19007	20581	20963	21050	21060	17367	13658	19007	20581	20963	21050	21060	17367	13658	19007	20581	20963	21050	21060	17367	13658	19007	20581	20963	21050	21060	17367	13658	19007	20581	20963	21050	21060	17367	13658	19007	20581	20963	21050	21060	17367	13658	19007	20581	20963	21050	21060	
rs7638232	12226004	chr3	12225967	12226467	17367	13658	19007	20581	20963	21050	21060	17367	13658	19007	20581	20963	21050	21060	17367	13658	19007	20581	20963	21050	21060	17367	13658	19007	20581	20963	21050	21060	17367	13658	19007	20581	20963	21050	21060	17367	13658	19007	20581	20963	21050	21060	17367	13658	19007	20581	20963	21050	21060	17367	13658	19007	20581	20963	21050	21060	
rs7292055	19974654	chr22	19974373	19974873	17367	21296	29674	32090	32653	32791	32809	17367	21296	29674	32090	32653	32791	32809	
rs2926743	56720316	chr12	56720286	56720786	17367	20018	27875	30130	30669	30792	30809	17367	20018	27875	30130	30669	30792	30809	17367	20018	27875	30130	30669	30792	30809	17367	20018	27875	30130	30669	30792	30809	17367	20018	27875	30130	30669	30792	30809	
rs7284393	19974583	chr22	19974373	19974873	17367	21296	29674	32090	32653	32791	32809	17367	21296	29674	32090	32653	32791	32809	
rs35959442	135103041	chr6	135102841	135103341	6549	43284	12623	13676	13939	13990	13997	6549	43284	12623	13676	13939	13990	13997	6549	43284	12623	13676	13939	13990	13997	6549	43284	12623	13676	13939	13990	13997	6549	43284	12623	13676	13939	13990	13997	6549	43284	12623	13676	13939	13990	13997	6549	43284	12623	13676	13939	13990	13997	
rs12892184	102573963	chr14	102573489	102573989	17367	1948	2753	2999	3055	3064	3065	17367	1948	2753	2999	3055	3064	3065	17367	1948	2753	2999	3055	3064	3065	17367	1948	2753	2999	3055	3064	3065	17367	1948	2753	2999	3055	3064	3065	17367	1948	2753	2999	3055	3064	3065	17367	1948	2753	2999	3055	3064	3065	17367	1948	2753	2999	3055	3064	3065	
rs7155171	102565508	chr14	102565293	102565793	16558	32793	46058	44701	45469	45655	45693	16558	32793	46058	44701	45469	45655	45693	16558	32793	46058	44701	45469	45655	45693	16558	32793	46058	44701	45469	45655	45693	16558	32793	46058	44701	45469	45655	45693	16558	32793	46058	44701	45469	45655	45693	16558	32793	46058	44701	45469	45655	45693	
rs873457	11986277	chr1	11985792	11986292	14790	35278	16563	17939	18272	18347	18355	14790	35278	16563	17939	18272	18347	18355	14790	35278	16563	17939	18272	18347	18355	14790	35278	16563	17939	18272	18347	18355	14790	35278	16563	17939	18272	18347	18355	14790	35278	16563	17939	18272	18347	18355	14790	35278	16563	17939	18272	18347	18355	14790	35278	16563	17939	18272	18347	18355	14790	35278	16563	17939	18272	18347	18355	14790	35278	16563	17939	18272	18347	18355	14790	35278	16563	17939	18272	18347	18355	14790	35278	16563	17939	18272	18347	18355	14790	35278	16563	17939	18272	18347	18355	
