snp	pos	chr	start	end	Naive-B	Naive-T	CM	NK	memory-B	cDC	CD8T	
rs587422	160012018	chr3	160012008	160012508	2242	47638	25952	28084	28589	28706	28722	2242	47638	25952	28084	28589	28706	28722	2242	47638	25952	28084	28589	28706	28722	2242	47638	25952	28084	28589	28706	28722	2242	47638	25952	28084	28589	28706	28722	2242	47638	25952	28084	28589	28706	28722	2242	47638	25952	28084	28589	28706	28722	2242	47638	25952	28084	28589	28706	28722	2242	47638	25952	28084	28589	28706	28722	2242	47638	25952	28084	28589	28706	28722	2242	47638	25952	28084	28589	28706	28722	2242	47638	25952	28084	28589	28706	28722	2242	47638	25952	28084	28589	28706	28722	2242	47638	25952	28084	28589	28706	28722	2242	47638	25952	28084	28589	28706	28722	2242	47638	25952	28084	28589	28706	28722	2242	47638	25952	28084	28589	28706	28722	2242	47638	25952	28084	28589	28706	28722	
rs715412	118813901	chr11	118813509	118814009	17367	5469	7684	8349	8496	8523	8527	17367	5469	7684	8349	8496	8523	8527	17367	5469	7684	8349	8496	8523	8527	17367	5469	7684	8349	8496	8523	8527	17367	5469	7684	8349	8496	8523	8527	17367	5469	7684	8349	8496	8523	8527	17367	5469	7684	8349	8496	8523	8527	17367	5469	7684	8349	8496	8523	8527	17367	5469	7684	8349	8496	8523	8527	17367	5469	7684	8349	8496	8523	8527	17367	5469	7684	8349	8496	8523	8527	17367	5469	7684	8349	8496	8523	8527	
rs11742240	35881274	chr5	35880867	35881367	17367	20661	28776	31107	31655	31785	31803	17367	20661	28776	31107	31655	31785	31803	17367	20661	28776	31107	31655	31785	31803	17367	20661	28776	31107	31655	31785	31803	17367	20661	28776	31107	31655	31785	31803	17367	20661	28776	31107	31655	31785	31803	17367	20661	28776	31107	31655	31785	31803	17367	20661	28776	31107	31655	31785	31803	17367	20661	28776	31107	31655	31785	31803	17367	20661	28776	31107	31655	31785	31803	17367	20661	28776	31107	31655	31785	31803	17367	20661	28776	31107	31655	31785	31803	
rs9652582	11080707	chr16	11080239	11080739	17367	11762	16404	17769	18101	18175	18183	17367	11762	16404	17769	18101	18175	18183	17367	11762	16404	17769	18101	18175	18183	17367	11762	16404	17769	18101	18175	18183	17367	11762	16404	17769	18101	18175	18183	17367	11762	16404	17769	18101	18175	18183	17367	11762	16404	17769	18101	18175	18183	
rs10849448	6384185	chr12	6383809	6384309	16955	32806	45359	9385	9558	9590	9594	16955	32806	45359	9385	9558	9590	9594	16955	32806	45359	9385	9558	9590	9594	16955	32806	45359	9385	9558	9590	9594	16955	32806	45359	9385	9558	9590	9594	16955	32806	45359	9385	9558	9590	9594	16955	32806	45359	9385	9558	9590	9594	
rs2021511	11251046	chr16	11250804	11251304	17367	23377	32582	35223	35837	35991	36013	17367	23377	32582	35223	35837	35991	36013	17367	23377	32582	35223	35837	35991	36013	17367	23377	32582	35223	35837	35991	36013	17367	23377	32582	35223	35837	35991	36013	17367	23377	32582	35223	35837	35991	36013	17367	23377	32582	35223	35837	35991	36013	17367	23377	32582	35223	35837	35991	36013	
rs4936432	111398518	chr11	111398189	111398689	963	48888	26996	29193	29715	29835	29851	
rs9652601	11080508	chr16	11080239	11080739	17367	11762	16404	17769	18101	18175	18183	17367	11762	16404	17769	18101	18175	18183	17367	11762	16404	17769	18101	18175	18183	17367	11762	16404	17769	18101	18175	18183	17367	11762	16404	17769	18101	18175	18183	17367	11762	16404	17769	18101	18175	18183	17367	11762	16404	17769	18101	18175	18183	
rs61400421	119538955	chr3	119538763	119539263	17367	14772	20622	22313	22725	22817	22828	
rs243318	11264161	chr16	11263749	11264249	17367	15701	21954	23767	24200	24298	24311	17367	15701	21954	23767	24200	24298	24311	17367	15701	21954	23767	24200	24298	24311	17367	15701	21954	23767	24200	24298	24311	17367	15701	21954	23767	24200	24298	24311	17367	15701	21954	23767	24200	24298	24311	17367	15701	21954	23767	24200	24298	24311	17367	15701	21954	23767	24200	24298	24311	
rs35715760	11102091	chr16	11101975	11102475	17367	11409	15927	17261	17584	17658	17666	
rs909685	39351666	chr22	39351240	39351740	17367	16484	23007	24908	25358	25463	25477	
rs1950897	68293424	chr14	68293340	68293840	17367	18371	25602	27710	28204	28320	28336	17367	18371	25602	27710	28204	28320	28336	17367	18371	25602	27710	28204	28320	28336	17367	18371	25602	27710	28204	28320	28336	17367	18371	25602	27710	28204	28320	28336	17367	18371	25602	27710	28204	28320	28336	17367	18371	25602	27710	28204	28320	28336	17367	18371	25602	27710	28204	28320	28336	17367	18371	25602	27710	28204	28320	28336	17367	18371	25602	27710	28204	28320	28336	17367	18371	25602	27710	28204	28320	28336	17367	18371	25602	27710	28204	28320	28336	17367	18371	25602	27710	28204	28320	28336	
16:11346111	11252254	chr16	11251982	11252482	17367	8042	11231	12165	12392	12433	12438	17367	8042	11231	12165	12392	12433	12438	17367	8042	11231	12165	12392	12433	12438	17367	8042	11231	12165	12392	12433	12438	17367	8042	11231	12165	12392	12433	12438	17367	8042	11231	12165	12392	12433	12438	17367	8042	11231	12165	12392	12433	12438	
rs7203793	11088277	chr16	11088170	11088670	17367	23068	32171	34777	35384	35535	35557	17367	23068	32171	34777	35384	35535	35557	17367	23068	32171	34777	35384	35535	35557	17367	23068	32171	34777	35384	35535	35557	17367	23068	32171	34777	35384	35535	35557	17367	23068	32171	34777	35384	35535	35557	17367	23068	32171	34777	35384	35535	35557	
rs12924729	11093926	chr16	11093452	11093952	17367	21725	30287	32745	33319	33465	33485	17367	21725	30287	32745	33319	33465	33485	17367	21725	30287	32745	33319	33465	33485	17367	21725	30287	32745	33319	33465	33485	17367	21725	30287	32745	33319	33465	33485	17367	21725	30287	32745	33319	33465	33485	17367	21725	30287	32745	33319	33465	33485	
3:159729923	160012136	chr3	160012008	160012508	2242	47638	25952	28084	28589	28706	28722	2242	47638	25952	28084	28589	28706	28722	2242	47638	25952	28084	28589	28706	28722	2242	47638	25952	28084	28589	28706	28722	2242	47638	25952	28084	28589	28706	28722	2242	47638	25952	28084	28589	28706	28722	2242	47638	25952	28084	28589	28706	28722	2242	47638	25952	28084	28589	28706	28722	2242	47638	25952	28084	28589	28706	28722	2242	47638	25952	28084	28589	28706	28722	2242	47638	25952	28084	28589	28706	28722	2242	47638	25952	28084	28589	28706	28722	2242	47638	25952	28084	28589	28706	28722	2242	47638	25952	28084	28589	28706	28722	2242	47638	25952	28084	28589	28706	28722	2242	47638	25952	28084	28589	28706	28722	2242	47638	25952	28084	28589	28706	28722	2242	47638	25952	28084	28589	28706	28722	
16:11350811	11256954	chr16	11256567	11257067	17367	12418	17280	18715	19062	19142	19151	17367	12418	17280	18715	19062	19142	19151	17367	12418	17280	18715	19062	19142	19151	17367	12418	17280	18715	19062	19142	19151	17367	12418	17280	18715	19062	19142	19151	17367	12418	17280	18715	19062	19142	19151	17367	12418	17280	18715	19062	19142	19151	
rs8008961	68285926	chr14	68285569	68286069	17367	24681	34433	37223	37865	38023	38047	17367	24681	34433	37223	37865	38023	38047	17367	24681	34433	37223	37865	38023	38047	17367	24681	34433	37223	37865	38023	38047	17367	24681	34433	37223	37865	38023	38047	17367	24681	34433	37223	37865	38023	38047	17367	24681	34433	37223	37865	38023	38047	17367	24681	34433	37223	37865	38023	38047	17367	24681	34433	37223	37865	38023	38047	17367	24681	34433	37223	37865	38023	38047	17367	24681	34433	37223	37865	38023	38047	17367	24681	34433	37223	37865	38023	38047	17367	24681	34433	37223	37865	38023	38047	
rs12929596	11105495	chr16	11105087	11105587	2343	47532	12857	13931	14200	14254	14261	
rs7947229	111418629	chr11	111418379	111418879	4648	45212	247	268	277	277	277	4648	45212	247	268	277	277	277	4648	45212	247	268	277	277	277	4648	45212	247	268	277	277	277	
rs35234849	129008899	chr7	129008559	129009059	17367	25787	35951	38859	39523	39689	39716	17367	25787	35951	38859	39523	39689	39716	17367	25787	35951	38859	39523	39689	39716	17367	25787	35951	38859	39523	39689	39716	17367	25787	35951	38859	39523	39689	39716	17367	25787	35951	38859	39523	39689	39716	17367	25787	35951	38859	39523	39689	39716	17367	25787	35951	38859	39523	39689	39716	17367	25787	35951	38859	39523	39689	39716	17367	25787	35951	38859	39523	39689	39716	17367	25787	35951	38859	39523	39689	39716	17367	25787	35951	38859	39523	39689	39716	17367	25787	35951	38859	39523	39689	39716	
rs1860545	6337611	chr12	6337136	6337636	17367	16775	23384	25317	25774	25882	25896	17367	16775	23384	25317	25774	25882	25896	17367	16775	23384	25317	25774	25882	25896	17367	16775	23384	25317	25774	25882	25896	17367	16775	23384	25317	25774	25882	25896	
5:35881130	35881028	chr5	35880867	35881367	17367	20661	28776	31107	31655	31785	31803	17367	20661	28776	31107	31655	31785	31803	17367	20661	28776	31107	31655	31785	31803	17367	20661	28776	31107	31655	31785	31803	17367	20661	28776	31107	31655	31785	31803	17367	20661	28776	31107	31655	31785	31803	17367	20661	28776	31107	31655	31785	31803	17367	20661	28776	31107	31655	31785	31803	17367	20661	28776	31107	31655	31785	31803	17367	20661	28776	31107	31655	31785	31803	17367	20661	28776	31107	31655	31785	31803	17367	20661	28776	31107	31655	31785	31803	
rs28409215	118808595	chr11	118808309	118808809	17367	26403	36766	39751	40427	40596	40624	17367	26403	36766	39751	40427	40596	40624	17367	26403	36766	39751	40427	40596	40624	17367	26403	36766	39751	40427	40596	40624	17367	26403	36766	39751	40427	40596	40624	17367	26403	36766	39751	40427	40596	40624	17367	26403	36766	39751	40427	40596	40624	17367	26403	36766	39751	40427	40596	40624	17367	26403	36766	39751	40427	40596	40624	17367	26403	36766	39751	40427	40596	40624	17367	26403	36766	39751	40427	40596	40624	17367	26403	36766	39751	40427	40596	40624	
rs483714	160012090	chr3	160012008	160012508	2242	47638	25952	28084	28589	28706	28722	2242	47638	25952	28084	28589	28706	28722	2242	47638	25952	28084	28589	28706	28722	2242	47638	25952	28084	28589	28706	28722	2242	47638	25952	28084	28589	28706	28722	2242	47638	25952	28084	28589	28706	28722	2242	47638	25952	28084	28589	28706	28722	2242	47638	25952	28084	28589	28706	28722	2242	47638	25952	28084	28589	28706	28722	2242	47638	25952	28084	28589	28706	28722	2242	47638	25952	28084	28589	28706	28722	2242	47638	25952	28084	28589	28706	28722	2242	47638	25952	28084	28589	28706	28722	2242	47638	25952	28084	28589	28706	28722	2242	47638	25952	28084	28589	28706	28722	2242	47638	25952	28084	28589	28706	28722	2242	47638	25952	28084	28589	28706	28722	2242	47638	25952	28084	28589	28706	28722	
rs11742270	35881341	chr5	35880867	35881367	17367	20661	28776	31107	31655	31785	31803	17367	20661	28776	31107	31655	31785	31803	17367	20661	28776	31107	31655	31785	31803	17367	20661	28776	31107	31655	31785	31803	17367	20661	28776	31107	31655	31785	31803	17367	20661	28776	31107	31655	31785	31803	17367	20661	28776	31107	31655	31785	31803	17367	20661	28776	31107	31655	31785	31803	17367	20661	28776	31107	31655	31785	31803	17367	20661	28776	31107	31655	31785	31803	17367	20661	28776	31107	31655	31785	31803	17367	20661	28776	31107	31655	31785	31803	
rs7952497	111399556	chr11	111399290	111399790	268	49559	39920	43150	43884	44064	44098	
rs2058531	11078252	chr16	11077754	11078254	4273	45144	49461	22182	22591	22683	22694	4273	45144	49461	22182	22591	22683	22694	4273	45144	49461	22182	22591	22683	22694	4273	45144	49461	22182	22591	22683	22694	4273	45144	49461	22182	22591	22683	22694	4273	45144	49461	22182	22591	22683	22694	4273	45144	49461	22182	22591	22683	22694	
rs485499	160028076	chr3	160027726	160028226	17367	10300	14418	15618	15913	15979	15987	17367	10300	14418	15618	15913	15979	15987	17367	10300	14418	15618	15913	15979	15987	17367	10300	14418	15618	15913	15979	15987	17367	10300	14418	15618	15913	15979	15987	17367	10300	14418	15618	15913	15979	15987	17367	10300	14418	15618	15913	15979	15987	17367	10300	14418	15618	15913	15979	15987	17367	10300	14418	15618	15913	15979	15987	17367	10300	14418	15618	15913	15979	15987	17367	10300	14418	15618	15913	15979	15987	17367	10300	14418	15618	15913	15979	15987	17367	10300	14418	15618	15913	15979	15987	17367	10300	14418	15618	15913	15979	15987	17367	10300	14418	15618	15913	15979	15987	17367	10300	14418	15618	15913	15979	15987	17367	10300	14418	15618	15913	15979	15987	17367	10300	14418	15618	15913	15979	15987	
rs484600	160012174	chr3	160012008	160012508	2242	47638	25952	28084	28589	28706	28722	2242	47638	25952	28084	28589	28706	28722	2242	47638	25952	28084	28589	28706	28722	2242	47638	25952	28084	28589	28706	28722	2242	47638	25952	28084	28589	28706	28722	2242	47638	25952	28084	28589	28706	28722	2242	47638	25952	28084	28589	28706	28722	2242	47638	25952	28084	28589	28706	28722	2242	47638	25952	28084	28589	28706	28722	2242	47638	25952	28084	28589	28706	28722	2242	47638	25952	28084	28589	28706	28722	2242	47638	25952	28084	28589	28706	28722	2242	47638	25952	28084	28589	28706	28722	2242	47638	25952	28084	28589	28706	28722	2242	47638	25952	28084	28589	28706	28722	2242	47638	25952	28084	28589	28706	28722	2242	47638	25952	28084	28589	28706	28722	2242	47638	25952	28084	28589	28706	28722	
rs1569500	39287510	chr22	39287050	39287550	15646	33684	46656	8218	8363	8390	8394	
rs1569501	39287529	chr22	39287050	39287550	15646	33684	46656	8218	8363	8390	8394	
rs72989115	101187429	chr1	101187303	101187803	2304	47574	42879	46342	47140	47333	47372	2304	47574	42879	46342	47140	47333	47372	2304	47574	42879	46342	47140	47333	47372	2304	47574	42879	46342	47140	47333	47372	2304	47574	42879	46342	47140	47333	47372	2304	47574	42879	46342	47140	47333	47372	
rs4780355	11254001	chr16	11253896	11254396	17367	15460	21614	23397	23820	23918	23930	17367	15460	21614	23397	23820	23918	23930	17367	15460	21614	23397	23820	23918	23930	17367	15460	21614	23397	23820	23918	23930	17367	15460	21614	23397	23820	23918	23930	17367	15460	21614	23397	23820	23918	23930	17367	15460	21614	23397	23820	23918	23930	
rs1962401	37337568	chr7	37337477	37337977	17367	24719	34490	37286	37929	38088	38112	17367	24719	34490	37286	37929	38088	38112	17367	24719	34490	37286	37929	38088	38112	17367	24719	34490	37286	37929	38088	38112	17367	24719	34490	37286	37929	38088	38112	17367	24719	34490	37286	37929	38088	38112	17367	24719	34490	37286	37929	38088	38112	17367	24719	34490	37286	37929	38088	38112	17367	24719	34490	37286	37929	38088	38112	17367	24719	34490	37286	37929	38088	38112	
rs4393359	111423402	chr11	111422934	111423434	13032	36918	7032	7650	7785	7810	7813	
3:159729918	160012131	chr3	160012008	160012508	2242	47638	25952	28084	28589	28706	28722	2242	47638	25952	28084	28589	28706	28722	2242	47638	25952	28084	28589	28706	28722	2242	47638	25952	28084	28589	28706	28722	2242	47638	25952	28084	28589	28706	28722	2242	47638	25952	28084	28589	28706	28722	2242	47638	25952	28084	28589	28706	28722	2242	47638	25952	28084	28589	28706	28722	2242	47638	25952	28084	28589	28706	28722	2242	47638	25952	28084	28589	28706	28722	2242	47638	25952	28084	28589	28706	28722	2242	47638	25952	28084	28589	28706	28722	2242	47638	25952	28084	28589	28706	28722	2242	47638	25952	28084	28589	28706	28722	2242	47638	25952	28084	28589	28706	28722	2242	47638	25952	28084	28589	28706	28722	2242	47638	25952	28084	28589	28706	28722	2242	47638	25952	28084	28589	28706	28722	
rs12532822	37353573	chr7	37353475	37353975	6107	43727	41019	44345	45109	45295	45331	6107	43727	41019	44345	45109	45295	45331	6107	43727	41019	44345	45109	45295	45331	6107	43727	41019	44345	45109	45295	45331	6107	43727	41019	44345	45109	45295	45331	6107	43727	41019	44345	45109	45295	45331	6107	43727	41019	44345	45109	45295	45331	6107	43727	41019	44345	45109	45295	45331	6107	43727	41019	44345	45109	45295	45331	6107	43727	41019	44345	45109	45295	45331	
rs1944927	111416679	chr11	111416238	111416738	17367	19446	27068	29269	29792	29912	29928	17367	19446	27068	29269	29792	29912	29928	17367	19446	27068	29269	29792	29912	29928	
rs1944926	111416562	chr11	111416238	111416738	17367	19446	27068	29269	29792	29912	29928	17367	19446	27068	29269	29792	29912	29928	17367	19446	27068	29269	29792	29912	29928	
rs516124	64360951	chr11	64360574	64361074	17367	7579	10590	11478	11692	11730	11735	17367	7579	10590	11478	11692	11730	11735	17367	7579	10590	11478	11692	11730	11735	17367	7579	10590	11478	11692	11730	11735	17367	7579	10590	11478	11692	11730	11735	17367	7579	10590	11478	11692	11730	11735	17367	7579	10590	11478	11692	11730	11735	17367	7579	10590	11478	11692	11730	11735	17367	7579	10590	11478	11692	11730	11735	17367	7579	10590	11478	11692	11730	11735	17367	7579	10590	11478	11692	11730	11735	17367	7579	10590	11478	11692	11730	11735	17367	7579	10590	11478	11692	11730	11735	17367	7579	10590	11478	11692	11730	11735	17367	7579	10590	11478	11692	11730	11735	17367	7579	10590	11478	11692	11730	11735	17367	7579	10590	11478	11692	11730	11735	17367	7579	10590	11478	11692	11730	11735	17367	7579	10590	11478	11692	11730	11735	
rs485789	160012361	chr3	160012008	160012508	2242	47638	25952	28084	28589	28706	28722	2242	47638	25952	28084	28589	28706	28722	2242	47638	25952	28084	28589	28706	28722	2242	47638	25952	28084	28589	28706	28722	2242	47638	25952	28084	28589	28706	28722	2242	47638	25952	28084	28589	28706	28722	2242	47638	25952	28084	28589	28706	28722	2242	47638	25952	28084	28589	28706	28722	2242	47638	25952	28084	28589	28706	28722	2242	47638	25952	28084	28589	28706	28722	2242	47638	25952	28084	28589	28706	28722	2242	47638	25952	28084	28589	28706	28722	2242	47638	25952	28084	28589	28706	28722	2242	47638	25952	28084	28589	28706	28722	2242	47638	25952	28084	28589	28706	28722	2242	47638	25952	28084	28589	28706	28722	2242	47638	25952	28084	28589	28706	28722	2242	47638	25952	28084	28589	28706	28722	
rs11209051	67333212	chr1	67332982	67333482	6206	43626	10715	11610	11826	11865	11870	6206	43626	10715	11610	11826	11865	11870	6206	43626	10715	11610	11826	11865	11870	6206	43626	10715	11610	11826	11865	11870	6206	43626	10715	11610	11826	11865	11870	
