chr	start	end	Naive-B	Naive-T	CM	NK	memory-B	cDC	CD8T	
chr11	110092510	110093010	17367	21195	29530	31925	32486	32624	32642	17367	21195	29530	31925	32486	32624	32642	17367	21195	29530	31925	32486	32624	32642	17367	21195	29530	31925	32486	32624	32642	17367	21195	29530	31925	32486	32624	32642	17367	21195	29530	31925	32486	32624	32642	
chr1	24189431	24189931	3294	46435	48590	47326	48140	48336	48376	3294	46435	48590	47326	48140	48336	48376	3294	46435	48590	47326	48140	48336	48376	3294	46435	48590	47326	48140	48336	48376	3294	46435	48590	47326	48140	48336	48376	3294	46435	48590	47326	48140	48336	48376	3294	46435	48590	47326	48140	48336	48376	3294	46435	48590	47326	48140	48336	48376	3294	46435	48590	47326	48140	48336	48376	3294	46435	48590	47326	48140	48336	48376	3294	46435	48590	47326	48140	48336	48376	3294	46435	48590	47326	48140	48336	48376	3294	46435	48590	47326	48140	48336	48376	
chr16	11250804	11251304	17367	23377	32582	35223	35837	35991	36013	17367	23377	32582	35223	35837	35991	36013	17367	23377	32582	35223	35837	35991	36013	17367	23377	32582	35223	35837	35991	36013	17367	23377	32582	35223	35837	35991	36013	17367	23377	32582	35223	35837	35991	36013	17367	23377	32582	35223	35837	35991	36013	17367	23377	32582	35223	35837	35991	36013	17367	23377	32582	35223	35837	35991	36013	
chr12	56358755	56359255	17367	5925	8302	9016	9180	9211	9215	17367	5925	8302	9016	9180	9211	9215	17367	5925	8302	9016	9180	9211	9215	17367	5925	8302	9016	9180	9211	9215	17367	5925	8302	9016	9180	9211	9215	17367	5925	8302	9016	9180	9211	9215	17367	5925	8302	9016	9180	9211	9215	
chr16	11256567	11257067	17367	12418	17280	18715	19062	19142	19151	17367	12418	17280	18715	19062	19142	19151	17367	12418	17280	18715	19062	19142	19151	17367	12418	17280	18715	19062	19142	19151	17367	12418	17280	18715	19062	19142	19151	17367	12418	17280	18715	19062	19142	19151	17367	12418	17280	18715	19062	19142	19151	17367	12418	17280	18715	19062	19142	19151	
chr2	60926203	60926703	17367	30075	41842	45238	46015	46204	46242	17367	30075	41842	45238	46015	46204	46242	17367	30075	41842	45238	46015	46204	46242	17367	30075	41842	45238	46015	46204	46242	17367	30075	41842	45238	46015	46204	46242	17367	30075	41842	45238	46015	46204	46242	17367	30075	41842	45238	46015	46204	46242	17367	30075	41842	45238	46015	46204	46242	17367	30075	41842	45238	46015	46204	46242	
chr16	11253896	11254396	17367	15460	21614	23397	23820	23918	23930	17367	15460	21614	23397	23820	23918	23930	17367	15460	21614	23397	23820	23918	23930	17367	15460	21614	23397	23820	23918	23930	17367	15460	21614	23397	23820	23918	23930	17367	15460	21614	23397	23820	23918	23930	17367	15460	21614	23397	23820	23918	23930	17367	15460	21614	23397	23820	23918	23930	
chr16	11255426	11255926	17367	5769	8086	8782	8942	8972	8976	
chr2	60855883	60856383	17367	16712	23305	25231	25686	25794	25808	17367	16712	23305	25231	25686	25794	25808	17367	16712	23305	25231	25686	25794	25808	17367	16712	23305	25231	25686	25794	25808	17367	16712	23305	25231	25686	25794	25808	17367	16712	23305	25231	25686	25794	25808	17367	16712	23305	25231	25686	25794	25808	17367	16712	23305	25231	25686	25794	25808	17367	16712	23305	25231	25686	25794	25808	
chr16	11263749	11264249	17367	15701	21954	23767	24200	24298	24311	17367	15701	21954	23767	24200	24298	24311	17367	15701	21954	23767	24200	24298	24311	17367	15701	21954	23767	24200	24298	24311	17367	15701	21954	23767	24200	24298	24311	17367	15701	21954	23767	24200	24298	24311	17367	15701	21954	23767	24200	24298	24311	17367	15701	21954	23767	24200	24298	24311	17367	15701	21954	23767	24200	24298	24311	
chr11	110093531	110094031	17367	7996	11158	12087	12314	12355	12360	17367	7996	11158	12087	12314	12355	12360	17367	7996	11158	12087	12314	12355	12360	17367	7996	11158	12087	12314	12355	12360	17367	7996	11158	12087	12314	12355	12360	17367	7996	11158	12087	12314	12355	12360	
chr16	11251982	11252482	17367	8042	11231	12165	12392	12433	12438	17367	8042	11231	12165	12392	12433	12438	17367	8042	11231	12165	12392	12433	12438	17367	8042	11231	12165	12392	12433	12438	17367	8042	11231	12165	12392	12433	12438	17367	8042	11231	12165	12392	12433	12438	17367	8042	11231	12165	12392	12433	12438	17367	8042	11231	12165	12392	12433	12438	
