chr	start	end	Naive-B	Naive-T	CM	NK	memory-B	cDC	CD8T	
chr6	135102841	135103341	6549	43284	12623	13676	13939	13990	13997	6549	43284	12623	13676	13939	13990	13997	6549	43284	12623	13676	13939	13990	13997	6549	43284	12623	13676	13939	13990	13997	6549	43284	12623	13676	13939	13990	13997	6549	43284	12623	13676	13939	13990	13997	6549	43284	12623	13676	13939	13990	13997	6549	43284	12623	13676	13939	13990	13997	6549	43284	12623	13676	13939	13990	13997	
chr7	135650731	135651231	17367	12268	17086	18509	18854	18933	18942	17367	12268	17086	18509	18854	18933	18942	17367	12268	17086	18509	18854	18933	18942	17367	12268	17086	18509	18854	18933	18942	17367	12268	17086	18509	18854	18933	18942	17367	12268	17086	18509	18854	18933	18942	17367	12268	17086	18509	18854	18933	18942	17367	12268	17086	18509	18854	18933	18942	17367	12268	17086	18509	18854	18933	18942	17367	12268	17086	18509	18854	18933	18942	17367	12268	17086	18509	18854	18933	18942	17367	12268	17086	18509	18854	18933	18942	17367	12268	17086	18509	18854	18933	18942	17367	12268	17086	18509	18854	18933	18942	17367	12268	17086	18509	18854	18933	18942	17367	12268	17086	18509	18854	18933	18942	17367	12268	17086	18509	18854	18933	18942	
chr15	65706055	65706555	12894	37037	5398	5870	5977	5996	5999	12894	37037	5398	5870	5977	5996	5999	12894	37037	5398	5870	5977	5996	5999	12894	37037	5398	5870	5977	5996	5999	12894	37037	5398	5870	5977	5996	5999	12894	37037	5398	5870	5977	5996	5999	
chr19	32696666	32697166	17367	1316	1861	2030	2069	2074	2074	17367	1316	1861	2030	2069	2074	2074	17367	1316	1861	2030	2069	2074	2074	17367	1316	1861	2030	2069	2074	2074	17367	1316	1861	2030	2069	2074	2074	17367	1316	1861	2030	2069	2074	2074	17367	1316	1861	2030	2069	2074	2074	17367	1316	1861	2030	2069	2074	2074	17367	1316	1861	2030	2069	2074	2074	17367	1316	1861	2030	2069	2074	2074	17367	1316	1861	2030	2069	2074	2074	17367	1316	1861	2030	2069	2074	2074	17367	1316	1861	2030	2069	2074	2074	17367	1316	1861	2030	2069	2074	2074	17367	1316	1861	2030	2069	2074	2074	17367	1316	1861	2030	2069	2074	2074	17367	1316	1861	2030	2069	2074	2074	
chr16	88773940	88774440	17367	16613	23176	25097	25551	25657	25671	17367	16613	23176	25097	25551	25657	25671	
chr7	100642524	100643024	17367	10802	15103	16359	16664	16735	16743	17367	10802	15103	16359	16664	16735	16743	
chr15	76006328	76006828	17367	20411	28410	30709	31254	31382	31400	17367	20411	28410	30709	31254	31382	31400	17367	20411	28410	30709	31254	31382	31400	17367	20411	28410	30709	31254	31382	31400	17367	20411	28410	30709	31254	31382	31400	17367	20411	28410	30709	31254	31382	31400	17367	20411	28410	30709	31254	31382	31400	17367	20411	28410	30709	31254	31382	31400	17367	20411	28410	30709	31254	31382	31400	
chr22	21950390	21950890	17367	13654	19003	20576	20958	21045	21055	17367	13654	19003	20576	20958	21045	21055	17367	13654	19003	20576	20958	21045	21055	17367	13654	19003	20576	20958	21045	21055	17367	13654	19003	20576	20958	21045	21055	
chr19	12899792	12900292	17367	26421	36793	39781	40458	40627	40655	17367	26421	36793	39781	40458	40627	40655	17367	26421	36793	39781	40458	40627	40655	17367	26421	36793	39781	40458	40627	40655	17367	26421	36793	39781	40458	40627	40655	17367	26421	36793	39781	40458	40627	40655	
chr2	60385676	60386176	17367	11666	16278	17638	17969	18043	18051	17367	11666	16278	17638	17969	18043	18051	17367	11666	16278	17638	17969	18043	18051	17367	11666	16278	17638	17969	18043	18051	17367	11666	16278	17638	17969	18043	18051	17367	11666	16278	17638	17969	18043	18051	17367	11666	16278	17638	17969	18043	18051	17367	11666	16278	17638	17969	18043	18051	17367	11666	16278	17638	17969	18043	18051	
chr19	32695454	32695954	17367	22839	31849	34434	35033	35183	35205	17367	22839	31849	34434	35033	35183	35205	17367	22839	31849	34434	35033	35183	35205	17367	22839	31849	34434	35033	35183	35205	17367	22839	31849	34434	35033	35183	35205	17367	22839	31849	34434	35033	35183	35205	17367	22839	31849	34434	35033	35183	35205	17367	22839	31849	34434	35033	35183	35205	17367	22839	31849	34434	35033	35183	35205	17367	22839	31849	34434	35033	35183	35205	17367	22839	31849	34434	35033	35183	35205	17367	22839	31849	34434	35033	35183	35205	17367	22839	31849	34434	35033	35183	35205	17367	22839	31849	34434	35033	35183	35205	17367	22839	31849	34434	35033	35183	35205	17367	22839	31849	34434	35033	35183	35205	17367	22839	31849	34434	35033	35183	35205	
chr6	41937424	41937924	17367	32355	44989	48609	49444	49644	49686	
chr6	139517955	139518455	17367	449	616	674	690	691	691	17367	449	616	674	690	691	691	
chr3	141498739	141499239	17367	10199	14272	15465	15758	15822	15830	17367	10199	14272	15465	15758	15822	15830	
chr12	4223267	4223767	8137	41738	42235	45659	46447	46636	46674	8137	41738	42235	45659	46447	46636	46674	8137	41738	42235	45659	46447	46636	46674	8137	41738	42235	45659	46447	46636	46674	8137	41738	42235	45659	46447	46636	46674	8137	41738	42235	45659	46447	46636	46674	8137	41738	42235	45659	46447	46636	46674	8137	41738	42235	45659	46447	46636	46674	8137	41738	42235	45659	46447	46636	46674	8137	41738	42235	45659	46447	46636	46674	8137	41738	42235	45659	46447	46636	46674	8137	41738	42235	45659	46447	46636	46674	8137	41738	42235	45659	46447	46636	46674	8137	41738	42235	45659	46447	46636	46674	8137	41738	42235	45659	46447	46636	46674	
chr22	21939350	21939850	7585	42258	26617	28789	29304	29423	29439	7585	42258	26617	28789	29304	29423	29439	7585	42258	26617	28789	29304	29423	29439	7585	42258	26617	28789	29304	29423	29439	
chr7	50360418	50360918	6587	43246	44853	48464	49297	49497	49539	6587	43246	44853	48464	49297	49497	49539	6587	43246	44853	48464	49297	49497	49539	
chr14	65042977	65043477	17367	30161	41961	45364	46145	46334	46372	17367	30161	41961	45364	46145	46334	46372	17367	30161	41961	45364	46145	46334	46372	17367	30161	41961	45364	46145	46334	46372	17367	30161	41961	45364	46145	46334	46372	17367	30161	41961	45364	46145	46334	46372	17367	30161	41961	45364	46145	46334	46372	17367	30161	41961	45364	46145	46334	46372	17367	30161	41961	45364	46145	46334	46372	17367	30161	41961	45364	46145	46334	46372	17367	30161	41961	45364	46145	46334	46372	17367	30161	41961	45364	46145	46334	46372	
chr22	21937962	21938462	12373	37519	32164	34770	35377	35528	35550	
chr22	21939906	21940406	17367	7247	10107	10958	11162	11200	11204	17367	7247	10107	10958	11162	11200	11204	17367	7247	10107	10958	11162	11200	11204	17367	7247	10107	10958	11162	11200	11204	
