snp	pos	chr	start	end	Naive-B	Naive-T	CM	NK	memory-B	cDC	CD8T	
rs9927316	85982795	chr16	85982458	85982958	16701	32609	46113	2401	2448	2455	2456	16701	32609	46113	2401	2448	2455	2456	16701	32609	46113	2401	2448	2455	2456	16701	32609	46113	2401	2448	2455	2456	16701	32609	46113	2401	2448	2455	2456	16701	32609	46113	2401	2448	2455	2456	16701	32609	46113	2401	2448	2455	2456	16701	32609	46113	2401	2448	2455	2456	
rs9939427	85982485	chr16	85982458	85982958	16701	32609	46113	2401	2448	2455	2456	16701	32609	46113	2401	2448	2455	2456	16701	32609	46113	2401	2448	2455	2456	16701	32609	46113	2401	2448	2455	2456	16701	32609	46113	2401	2448	2455	2456	16701	32609	46113	2401	2448	2455	2456	16701	32609	46113	2401	2448	2455	2456	16701	32609	46113	2401	2448	2455	2456	
rs3778753	128939988	chr7	128939903	128940403	17367	1982	2798	3047	3103	3112	3113	17367	1982	2798	3047	3103	3112	3113	17367	1982	2798	3047	3103	3112	3113	17367	1982	2798	3047	3103	3112	3113	17367	1982	2798	3047	3103	3112	3113	
rs3778752	128939993	chr7	128939903	128940403	17367	1982	2798	3047	3103	3112	3113	17367	1982	2798	3047	3103	3112	3113	17367	1982	2798	3047	3103	3112	3113	17367	1982	2798	3047	3103	3112	3113	
rs74405933	14095524	chr6	14095319	14095819	6775	43053	33109	35802	36424	36579	36601	6775	43053	33109	35802	36424	36579	36601	6775	43053	33109	35802	36424	36579	36601	6775	43053	33109	35802	36424	36579	36601	6775	43053	33109	35802	36424	36579	36601	6775	43053	33109	35802	36424	36579	36601	6775	43053	33109	35802	36424	36579	36601	6775	43053	33109	35802	36424	36579	36601	
rs3807306	128940626	chr7	128940411	128940911	224	49567	48558	49057	13464	13510	13515	224	49567	48558	49057	13464	13510	13515	224	49567	48558	49057	13464	13510	13515	
rs3778754	128935498	chr7	128935232	128935732	15066	35056	30050	32494	33062	33205	33223	15066	35056	30050	32494	33062	33205	33223	15066	35056	30050	32494	33062	33205	33223	15066	35056	30050	32494	33062	33205	33223	15066	35056	30050	32494	33062	33205	33223	
6:44232410	44264673	chr6	44264179	44264679	9770	40140	34635	37441	38084	38243	38267	9770	40140	34635	37441	38084	38243	38267	9770	40140	34635	37441	38084	38243	38267	9770	40140	34635	37441	38084	38243	38267	9770	40140	34635	37441	38084	38243	38267	9770	40140	34635	37441	38084	38243	38267	9770	40140	34635	37441	38084	38243	38267	
rs77801025	37363589	chr7	37363527	37364027	17367	25240	35214	38067	38718	38879	38903	17367	25240	35214	38067	38718	38879	38903	17367	25240	35214	38067	38718	38879	38903	17367	25240	35214	38067	38718	38879	38903	17367	25240	35214	38067	38718	38879	38903	17367	25240	35214	38067	38718	38879	38903	17367	25240	35214	38067	38718	38879	38903	17367	25240	35214	38067	38718	38879	38903	17367	25240	35214	38067	38718	38879	38903	17367	25240	35214	38067	38718	38879	38903	17367	25240	35214	38067	38718	38879	38903	17367	25240	35214	38067	38718	38879	38903	
rs2841277	104924668	chr14	104924618	104925118	2565	46934	49541	25768	26232	26341	26356	2565	46934	49541	25768	26232	26341	26356	2565	46934	49541	25768	26232	26341	26356	
rs79775079	128939994	chr7	128939903	128940403	17367	1982	2798	3047	3103	3112	3113	17367	1982	2798	3047	3103	3112	3113	17367	1982	2798	3047	3103	3112	3113	17367	1982	2798	3047	3103	3112	3113	
rs3799963	44263742	chr6	44263346	44263846	13621	36278	44113	47661	48476	48673	48713	13621	36278	44113	47661	48476	48673	48713	13621	36278	44113	47661	48476	48673	48713	13621	36278	44113	47661	48476	48673	48713	13621	36278	44113	47661	48476	48673	48713	13621	36278	44113	47661	48476	48673	48713	13621	36278	44113	47661	48476	48673	48713	
