snp	pos	chr	start	end	Naive-B	Naive-T	CM	NK	memory-B	cDC	CD8T	
12:129291767	128807222	chr12	128807074	128807574	17086	33181	8920	9693	9871	9904	9908	17086	33181	8920	9693	9871	9904	9908	17086	33181	8920	9693	9871	9904	9908	17086	33181	8920	9693	9871	9904	9908	17086	33181	8920	9693	9871	9904	9908	17086	33181	8920	9693	9871	9904	9908	17086	33181	8920	9693	9871	9904	9908	
rs12102791	31292625	chr16	31292581	31293081	5672	44163	21566	23345	23768	23865	23877	5672	44163	21566	23345	23768	23865	23877	5672	44163	21566	23345	23768	23865	23877	5672	44163	21566	23345	23768	23865	23877	5672	44163	21566	23345	23768	23865	23877	5672	44163	21566	23345	23768	23865	23877	5672	44163	21566	23345	23768	23865	23877	5672	44163	21566	23345	23768	23865	23877	5672	44163	21566	23345	23768	23865	23877	5672	44163	21566	23345	23768	23865	23877	5672	44163	21566	23345	23768	23865	23877	5672	44163	21566	23345	23768	23865	23877	5672	44163	21566	23345	23768	23865	23877	5672	44163	21566	23345	23768	23865	23877	5672	44163	21566	23345	23768	23865	23877	5672	44163	21566	23345	23768	23865	23877	5672	44163	21566	23345	23768	23865	23877	5672	44163	21566	23345	23768	23865	23877	5672	44163	21566	23345	23768	23865	23877	5672	44163	21566	23345	23768	23865	23877	
rs111883038	137846891	chr6	137846707	137847207	16817	32896	45285	48706	30396	30519	30535	16817	32896	45285	48706	30396	30519	30535	16817	32896	45285	48706	30396	30519	30535	16817	32896	45285	48706	30396	30519	30535	16817	32896	45285	48706	30396	30519	30535	16817	32896	45285	48706	30396	30519	30535	16817	32896	45285	48706	30396	30519	30535	16817	32896	45285	48706	30396	30519	30535	16817	32896	45285	48706	30396	30519	30535	
rs2250788	11494547	chr8	11494113	11494613	2662	47224	2721	2967	3023	3032	3033	2662	47224	2721	2967	3023	3032	3033	2662	47224	2721	2967	3023	3032	3033	2662	47224	2721	2967	3023	3032	3033	2662	47224	2721	2967	3023	3032	3033	2662	47224	2721	2967	3023	3032	3033	2662	47224	2721	2967	3023	3032	3033	2662	47224	2721	2967	3023	3032	3033	2662	47224	2721	2967	3023	3032	3033	2662	47224	2721	2967	3023	3032	3033	2662	47224	2721	2967	3023	3032	3033	2662	47224	2721	2967	3023	3032	3033	2662	47224	2721	2967	3023	3032	3033	
rs2736343	11491741	chr8	11491308	11491808	17367	3191	4535	4934	5024	5041	5043	17367	3191	4535	4934	5024	5041	5043	17367	3191	4535	4934	5024	5041	5043	17367	3191	4535	4934	5024	5041	5043	17367	3191	4535	4934	5024	5041	5043	17367	3191	4535	4934	5024	5041	5043	17367	3191	4535	4934	5024	5041	5043	17367	3191	4535	4934	5024	5041	5043	17367	3191	4535	4934	5024	5041	5043	17367	3191	4535	4934	5024	5041	5043	17367	3191	4535	4934	5024	5041	5043	17367	3191	4535	4934	5024	5041	5043	17367	3191	4535	4934	5024	5041	5043	
rs2736344	11493169	chr8	11493070	11493570	3594	46286	6349	6907	7027	7049	7052	3594	46286	6349	6907	7027	7049	7052	3594	46286	6349	6907	7027	7049	7052	3594	46286	6349	6907	7027	7049	7052	3594	46286	6349	6907	7027	7049	7052	3594	46286	6349	6907	7027	7049	7052	3594	46286	6349	6907	7027	7049	7052	3594	46286	6349	6907	7027	7049	7052	3594	46286	6349	6907	7027	7049	7052	3594	46286	6349	6907	7027	7049	7052	3594	46286	6349	6907	7027	7049	7052	3594	46286	6349	6907	7027	7049	7052	3594	46286	6349	6907	7027	7049	7052	
rs12920597	31293061	chr16	31292581	31293081	5672	44163	21566	23345	23768	23865	23877	5672	44163	21566	23345	23768	23865	23877	5672	44163	21566	23345	23768	23865	23877	5672	44163	21566	23345	23768	23865	23877	5672	44163	21566	23345	23768	23865	23877	5672	44163	21566	23345	23768	23865	23877	5672	44163	21566	23345	23768	23865	23877	5672	44163	21566	23345	23768	23865	23877	5672	44163	21566	23345	23768	23865	23877	5672	44163	21566	23345	23768	23865	23877	5672	44163	21566	23345	23768	23865	23877	5672	44163	21566	23345	23768	23865	23877	5672	44163	21566	23345	23768	23865	23877	5672	44163	21566	23345	23768	23865	23877	5672	44163	21566	23345	23768	23865	23877	5672	44163	21566	23345	23768	23865	23877	5672	44163	21566	23345	23768	23865	23877	5672	44163	21566	23345	23768	23865	23877	5672	44163	21566	23345	23768	23865	23877	5672	44163	21566	23345	23768	23865	23877	
rs61400421	119538955	chr3	119538763	119539263	17367	14772	20622	22313	22725	22817	22828	17367	14772	20622	22313	22725	22817	22828	17367	14772	20622	22313	22725	22817	22828	17367	14772	20622	22313	22725	22817	22828	17367	14772	20622	22313	22725	22817	22828	17367	14772	20622	22313	22725	22817	22828	17367	14772	20622	22313	22725	22817	22828	
rs3741615	128814303	chr12	128813837	128814337	17367	12658	17634	19096	19448	19530	19540	17367	12658	17634	19096	19448	19530	19540	17367	12658	17634	19096	19448	19530	19540	17367	12658	17634	19096	19448	19530	19540	17367	12658	17634	19096	19448	19530	19540	17367	12658	17634	19096	19448	19530	19540	17367	12658	17634	19096	19448	19530	19540	
rs2785201	35067291	chr11	35066960	35067460	17367	3640	5154	5606	5712	5731	5734	17367	3640	5154	5606	5712	5731	5734	17367	3640	5154	5606	5712	5731	5734	17367	3640	5154	5606	5712	5731	5734	17367	3640	5154	5606	5712	5731	5734	17367	3640	5154	5606	5712	5731	5734	17367	3640	5154	5606	5712	5731	5734	17367	3640	5154	5606	5712	5731	5734	17367	3640	5154	5606	5712	5731	5734	17367	3640	5154	5606	5712	5731	5734	
rs12102768	31292629	chr16	31292581	31293081	5672	44163	21566	23345	23768	23865	23877	5672	44163	21566	23345	23768	23865	23877	5672	44163	21566	23345	23768	23865	23877	5672	44163	21566	23345	23768	23865	23877	5672	44163	21566	23345	23768	23865	23877	5672	44163	21566	23345	23768	23865	23877	5672	44163	21566	23345	23768	23865	23877	5672	44163	21566	23345	23768	23865	23877	5672	44163	21566	23345	23768	23865	23877	5672	44163	21566	23345	23768	23865	23877	5672	44163	21566	23345	23768	23865	23877	5672	44163	21566	23345	23768	23865	23877	5672	44163	21566	23345	23768	23865	23877	5672	44163	21566	23345	23768	23865	23877	5672	44163	21566	23345	23768	23865	23877	5672	44163	21566	23345	23768	23865	23877	5672	44163	21566	23345	23768	23865	23877	5672	44163	21566	23345	23768	23865	23877	5672	44163	21566	23345	23768	23865	23877	5672	44163	21566	23345	23768	23865	23877	
rs2251056	11492067	chr8	11491842	11492342	4991	44858	10634	11524	11740	11778	11783	4991	44858	10634	11524	11740	11778	11783	4991	44858	10634	11524	11740	11778	11783	4991	44858	10634	11524	11740	11778	11783	4991	44858	10634	11524	11740	11778	11783	4991	44858	10634	11524	11740	11778	11783	4991	44858	10634	11524	11740	11778	11783	4991	44858	10634	11524	11740	11778	11783	4991	44858	10634	11524	11740	11778	11783	4991	44858	10634	11524	11740	11778	11783	4991	44858	10634	11524	11740	11778	11783	4991	44858	10634	11524	11740	11778	11783	4991	44858	10634	11524	11740	11778	11783	
rs10847697	128814840	chr12	128814645	128815145	17367	11468	16010	17346	17671	17745	17753	17367	11468	16010	17346	17671	17745	17753	17367	11468	16010	17346	17671	17745	17753	17367	11468	16010	17346	17671	17745	17753	17367	11468	16010	17346	17671	17745	17753	17367	11468	16010	17346	17671	17745	17753	17367	11468	16010	17346	17671	17745	17753	
rs9941107	11102184	chr16	11101975	11102475	17367	11409	15927	17261	17584	17658	17666	17367	11409	15927	17261	17584	17658	17666	17367	11409	15927	17261	17584	17658	17666	17367	11409	15927	17261	17584	17658	17666	17367	11409	15927	17261	17584	17658	17666	17367	11409	15927	17261	17584	17658	17666	17367	11409	15927	17261	17584	17658	17666	17367	11409	15927	17261	17584	17658	17666	
rs9694294	11493212	chr8	11493070	11493570	3594	46286	6349	6907	7027	7049	7052	3594	46286	6349	6907	7027	7049	7052	3594	46286	6349	6907	7027	7049	7052	3594	46286	6349	6907	7027	7049	7052	3594	46286	6349	6907	7027	7049	7052	3594	46286	6349	6907	7027	7049	7052	3594	46286	6349	6907	7027	7049	7052	3594	46286	6349	6907	7027	7049	7052	3594	46286	6349	6907	7027	7049	7052	3594	46286	6349	6907	7027	7049	7052	3594	46286	6349	6907	7027	7049	7052	3594	46286	6349	6907	7027	7049	7052	3594	46286	6349	6907	7027	7049	7052	
rs13385731	33476823	chr2	33476497	33476997	12537	37365	28627	30943	31490	31619	31637	12537	37365	28627	30943	31490	31619	31637	
rs6705628	73981235	chr2	73981209	73981709	17367	26896	37451	40498	41189	41361	41390	17367	26896	37451	40498	41189	41361	41390	17367	26896	37451	40498	41189	41361	41390	17367	26896	37451	40498	41189	41361	41390	17367	26896	37451	40498	41189	41361	41390	17367	26896	37451	40498	41189	41361	41390	17367	26896	37451	40498	41189	41361	41390	17367	26896	37451	40498	41189	41361	41390	17367	26896	37451	40498	41189	41361	41390	17367	26896	37451	40498	41189	41361	41390	17367	26896	37451	40498	41189	41361	41390	
rs33990080	128814901	chr12	128814645	128815145	17367	11468	16010	17346	17671	17745	17753	17367	11468	16010	17346	17671	17745	17753	17367	11468	16010	17346	17671	17745	17753	17367	11468	16010	17346	17671	17745	17753	17367	11468	16010	17346	17671	17745	17753	17367	11468	16010	17346	17671	17745	17753	17367	11468	16010	17346	17671	17745	17753	
rs2732547	35067136	chr11	35066960	35067460	17367	3640	5154	5606	5712	5731	5734	17367	3640	5154	5606	5712	5731	5734	17367	3640	5154	5606	5712	5731	5734	17367	3640	5154	5606	5712	5731	5734	17367	3640	5154	5606	5712	5731	5734	17367	3640	5154	5606	5712	5731	5734	17367	3640	5154	5606	5712	5731	5734	17367	3640	5154	5606	5712	5731	5734	17367	3640	5154	5606	5712	5731	5734	17367	3640	5154	5606	5712	5731	5734	
rs80126770	137846946	chr6	137846707	137847207	16817	32896	45285	48706	30396	30519	30535	16817	32896	45285	48706	30396	30519	30535	16817	32896	45285	48706	30396	30519	30535	16817	32896	45285	48706	30396	30519	30535	16817	32896	45285	48706	30396	30519	30535	16817	32896	45285	48706	30396	30519	30535	16817	32896	45285	48706	30396	30519	30535	16817	32896	45285	48706	30396	30519	30535	16817	32896	45285	48706	30396	30519	30535	
rs2553783	35050571	chr11	35050500	35051000	17367	17798	24798	26853	27335	27444	27459	17367	17798	24798	26853	27335	27444	27459	17367	17798	24798	26853	27335	27444	27459	17367	17798	24798	26853	27335	27444	27459	17367	17798	24798	26853	27335	27444	27459	17367	17798	24798	26853	27335	27444	27459	17367	17798	24798	26853	27335	27444	27459	17367	17798	24798	26853	27335	27444	27459	17367	17798	24798	26853	27335	27444	27459	17367	17798	24798	26853	27335	27444	27459	
rs4917014	50266267	chr7	50265892	50266392	17367	1466	2075	2264	2307	2314	2315	17367	1466	2075	2264	2307	2314	2315	17367	1466	2075	2264	2307	2314	2315	17367	1466	2075	2264	2307	2314	2315	17367	1466	2075	2264	2307	2314	2315	17367	1466	2075	2264	2307	2314	2315	17367	1466	2075	2264	2307	2314	2315	
rs12312200	128789339	chr12	128789298	128789798	11735	38171	23401	25334	25792	25900	25914	11735	38171	23401	25334	25792	25900	25914	11735	38171	23401	25334	25792	25900	25914	11735	38171	23401	25334	25792	25900	25914	11735	38171	23401	25334	25792	25900	25914	11735	38171	23401	25334	25792	25900	25914	11735	38171	23401	25334	25792	25900	25914	
