chr	start	end	Naive-B	Naive-T	CM	NK	memory-B	cDC	CD8T	
chr11	35050500	35051000	17367	17798	24798	26853	27335	27444	27459	17367	17798	24798	26853	27335	27444	27459	17367	17798	24798	26853	27335	27444	27459	17367	17798	24798	26853	27335	27444	27459	17367	17798	24798	26853	27335	27444	27459	17367	17798	24798	26853	27335	27444	27459	17367	17798	24798	26853	27335	27444	27459	17367	17798	24798	26853	27335	27444	27459	17367	17798	24798	26853	27335	27444	27459	17367	17798	24798	26853	27335	27444	27459	
chr8	11494113	11494613	2662	47224	2721	2967	3023	3032	3033	2662	47224	2721	2967	3023	3032	3033	2662	47224	2721	2967	3023	3032	3033	2662	47224	2721	2967	3023	3032	3033	2662	47224	2721	2967	3023	3032	3033	2662	47224	2721	2967	3023	3032	3033	2662	47224	2721	2967	3023	3032	3033	2662	47224	2721	2967	3023	3032	3033	2662	47224	2721	2967	3023	3032	3033	2662	47224	2721	2967	3023	3032	3033	2662	47224	2721	2967	3023	3032	3033	2662	47224	2721	2967	3023	3032	3033	2662	47224	2721	2967	3023	3032	3033	
chr8	11491842	11492342	4991	44858	10634	11524	11740	11778	11783	4991	44858	10634	11524	11740	11778	11783	4991	44858	10634	11524	11740	11778	11783	4991	44858	10634	11524	11740	11778	11783	4991	44858	10634	11524	11740	11778	11783	4991	44858	10634	11524	11740	11778	11783	4991	44858	10634	11524	11740	11778	11783	4991	44858	10634	11524	11740	11778	11783	4991	44858	10634	11524	11740	11778	11783	4991	44858	10634	11524	11740	11778	11783	4991	44858	10634	11524	11740	11778	11783	4991	44858	10634	11524	11740	11778	11783	4991	44858	10634	11524	11740	11778	11783	
chr12	128789298	128789798	11735	38171	23401	25334	25792	25900	25914	11735	38171	23401	25334	25792	25900	25914	11735	38171	23401	25334	25792	25900	25914	11735	38171	23401	25334	25792	25900	25914	11735	38171	23401	25334	25792	25900	25914	11735	38171	23401	25334	25792	25900	25914	11735	38171	23401	25334	25792	25900	25914	
chr2	33476497	33476997	12537	37365	28627	30943	31490	31619	31637	12537	37365	28627	30943	31490	31619	31637	
chr16	11101975	11102475	17367	11409	15927	17261	17584	17658	17666	17367	11409	15927	17261	17584	17658	17666	17367	11409	15927	17261	17584	17658	17666	17367	11409	15927	17261	17584	17658	17666	17367	11409	15927	17261	17584	17658	17666	17367	11409	15927	17261	17584	17658	17666	17367	11409	15927	17261	17584	17658	17666	17367	11409	15927	17261	17584	17658	17666	
chr7	50265892	50266392	17367	1466	2075	2264	2307	2314	2315	17367	1466	2075	2264	2307	2314	2315	17367	1466	2075	2264	2307	2314	2315	17367	1466	2075	2264	2307	2314	2315	17367	1466	2075	2264	2307	2314	2315	17367	1466	2075	2264	2307	2314	2315	17367	1466	2075	2264	2307	2314	2315	
chr12	128814645	128815145	17367	11468	16010	17346	17671	17745	17753	17367	11468	16010	17346	17671	17745	17753	17367	11468	16010	17346	17671	17745	17753	17367	11468	16010	17346	17671	17745	17753	17367	11468	16010	17346	17671	17745	17753	17367	11468	16010	17346	17671	17745	17753	17367	11468	16010	17346	17671	17745	17753	
chr11	35066960	35067460	17367	3640	5154	5606	5712	5731	5734	17367	3640	5154	5606	5712	5731	5734	17367	3640	5154	5606	5712	5731	5734	17367	3640	5154	5606	5712	5731	5734	17367	3640	5154	5606	5712	5731	5734	17367	3640	5154	5606	5712	5731	5734	17367	3640	5154	5606	5712	5731	5734	17367	3640	5154	5606	5712	5731	5734	17367	3640	5154	5606	5712	5731	5734	17367	3640	5154	5606	5712	5731	5734	
chr12	128813837	128814337	17367	12658	17634	19096	19448	19530	19540	17367	12658	17634	19096	19448	19530	19540	17367	12658	17634	19096	19448	19530	19540	17367	12658	17634	19096	19448	19530	19540	17367	12658	17634	19096	19448	19530	19540	17367	12658	17634	19096	19448	19530	19540	17367	12658	17634	19096	19448	19530	19540	
chr8	11493070	11493570	3594	46286	6349	6907	7027	7049	7052	3594	46286	6349	6907	7027	7049	7052	3594	46286	6349	6907	7027	7049	7052	3594	46286	6349	6907	7027	7049	7052	3594	46286	6349	6907	7027	7049	7052	3594	46286	6349	6907	7027	7049	7052	3594	46286	6349	6907	7027	7049	7052	3594	46286	6349	6907	7027	7049	7052	3594	46286	6349	6907	7027	7049	7052	3594	46286	6349	6907	7027	7049	7052	3594	46286	6349	6907	7027	7049	7052	3594	46286	6349	6907	7027	7049	7052	3594	46286	6349	6907	7027	7049	7052	
chr16	31292581	31293081	5672	44163	21566	23345	23768	23865	23877	5672	44163	21566	23345	23768	23865	23877	5672	44163	21566	23345	23768	23865	23877	5672	44163	21566	23345	23768	23865	23877	5672	44163	21566	23345	23768	23865	23877	5672	44163	21566	23345	23768	23865	23877	5672	44163	21566	23345	23768	23865	23877	5672	44163	21566	23345	23768	23865	23877	5672	44163	21566	23345	23768	23865	23877	5672	44163	21566	23345	23768	23865	23877	5672	44163	21566	23345	23768	23865	23877	5672	44163	21566	23345	23768	23865	23877	5672	44163	21566	23345	23768	23865	23877	5672	44163	21566	23345	23768	23865	23877	5672	44163	21566	23345	23768	23865	23877	5672	44163	21566	23345	23768	23865	23877	5672	44163	21566	23345	23768	23865	23877	5672	44163	21566	23345	23768	23865	23877	5672	44163	21566	23345	23768	23865	23877	5672	44163	21566	23345	23768	23865	23877	
chr3	119538763	119539263	17367	14772	20622	22313	22725	22817	22828	17367	14772	20622	22313	22725	22817	22828	17367	14772	20622	22313	22725	22817	22828	17367	14772	20622	22313	22725	22817	22828	17367	14772	20622	22313	22725	22817	22828	17367	14772	20622	22313	22725	22817	22828	17367	14772	20622	22313	22725	22817	22828	
chr2	73981209	73981709	17367	26896	37451	40498	41189	41361	41390	17367	26896	37451	40498	41189	41361	41390	17367	26896	37451	40498	41189	41361	41390	17367	26896	37451	40498	41189	41361	41390	17367	26896	37451	40498	41189	41361	41390	17367	26896	37451	40498	41189	41361	41390	17367	26896	37451	40498	41189	41361	41390	17367	26896	37451	40498	41189	41361	41390	17367	26896	37451	40498	41189	41361	41390	17367	26896	37451	40498	41189	41361	41390	17367	26896	37451	40498	41189	41361	41390	
chr6	137846707	137847207	16817	32896	45285	48706	30396	30519	30535	16817	32896	45285	48706	30396	30519	30535	16817	32896	45285	48706	30396	30519	30535	16817	32896	45285	48706	30396	30519	30535	16817	32896	45285	48706	30396	30519	30535	16817	32896	45285	48706	30396	30519	30535	16817	32896	45285	48706	30396	30519	30535	16817	32896	45285	48706	30396	30519	30535	16817	32896	45285	48706	30396	30519	30535	
chr12	128807074	128807574	17086	33181	8920	9693	9871	9904	9908	17086	33181	8920	9693	9871	9904	9908	17086	33181	8920	9693	9871	9904	9908	17086	33181	8920	9693	9871	9904	9908	17086	33181	8920	9693	9871	9904	9908	17086	33181	8920	9693	9871	9904	9908	17086	33181	8920	9693	9871	9904	9908	
chr8	11491308	11491808	17367	3191	4535	4934	5024	5041	5043	17367	3191	4535	4934	5024	5041	5043	17367	3191	4535	4934	5024	5041	5043	17367	3191	4535	4934	5024	5041	5043	17367	3191	4535	4934	5024	5041	5043	17367	3191	4535	4934	5024	5041	5043	17367	3191	4535	4934	5024	5041	5043	17367	3191	4535	4934	5024	5041	5043	17367	3191	4535	4934	5024	5041	5043	17367	3191	4535	4934	5024	5041	5043	17367	3191	4535	4934	5024	5041	5043	17367	3191	4535	4934	5024	5041	5043	17367	3191	4535	4934	5024	5041	5043	
