snp	pos	chr	start	end	Naive-B	Naive-T	CM	NK	memory-B	cDC	CD8T	
rs869301	77538291	chr15	77537872	77538372	8088	41785	1566	1711	1741	1743	1743	8088	41785	1566	1711	1741	1743	1743	8088	41785	1566	1711	1741	1743	1743	8088	41785	1566	1711	1741	1743	1743	8088	41785	1566	1711	1741	1743	1743	8088	41785	1566	1711	1741	1743	1743	8088	41785	1566	1711	1741	1743	1743	8088	41785	1566	1711	1741	1743	1743	8088	41785	1566	1711	1741	1743	1743	8088	41785	1566	1711	1741	1743	1743	8088	41785	1566	1711	1741	1743	1743	8088	41785	1566	1711	1741	1743	1743	
rs11936387	1301058	chr4	1301003	1301503	13744	36165	43552	47061	47870	48064	48104	13744	36165	43552	47061	47870	48064	48104	13744	36165	43552	47061	47870	48064	48104	13744	36165	43552	47061	47870	48064	48104	13744	36165	43552	47061	47870	48064	48104	13744	36165	43552	47061	47870	48064	48104	13744	36165	43552	47061	47870	48064	48104	13744	36165	43552	47061	47870	48064	48104	13744	36165	43552	47061	47870	48064	48104	13744	36165	43552	47061	47870	48064	48104	13744	36165	43552	47061	47870	48064	48104	13744	36165	43552	47061	47870	48064	48104	13744	36165	43552	47061	47870	48064	48104	13744	36165	43552	47061	47870	48064	48104	13744	36165	43552	47061	47870	48064	48104	13744	36165	43552	47061	47870	48064	48104	13744	36165	43552	47061	47870	48064	48104	
rs508419	41665473	chr8	41665159	41665659	17367	28107	39108	42267	42981	43159	43192	17367	28107	39108	42267	42981	43159	43192	17367	28107	39108	42267	42981	43159	43192	17367	28107	39108	42267	42981	43159	43192	17367	28107	39108	42267	42981	43159	43192	17367	28107	39108	42267	42981	43159	43192	17367	28107	39108	42267	42981	43159	43192	17367	28107	39108	42267	42981	43159	43192	17367	28107	39108	42267	42981	43159	43192	17367	28107	39108	42267	42981	43159	43192	17367	28107	39108	42267	42981	43159	43192	17367	28107	39108	42267	42981	43159	43192	
rs3996350	130742296	chr7	130741819	130742319	17367	10799	15100	16356	16661	16732	16740	17367	10799	15100	16356	16661	16732	16740	17367	10799	15100	16356	16661	16732	16740	17367	10799	15100	16356	16661	16732	16740	17367	10799	15100	16356	16661	16732	16740	17367	10799	15100	16356	16661	16732	16740	17367	10799	15100	16356	16661	16732	16740	17367	10799	15100	16356	16661	16732	16740	
rs13330589	81481772	chr16	81481287	81481787	11772	37973	45374	47963	48785	48983	49024	11772	37973	45374	47963	48785	48983	49024	11772	37973	45374	47963	48785	48983	49024	11772	37973	45374	47963	48785	48983	49024	11772	37973	45374	47963	48785	48983	49024	11772	37973	45374	47963	48785	48983	49024	11772	37973	45374	47963	48785	48983	49024	11772	37973	45374	47963	48785	48983	49024	11772	37973	45374	47963	48785	48983	49024	11772	37973	45374	47963	48785	48983	49024	11772	37973	45374	47963	48785	48983	49024	11772	37973	45374	47963	48785	48983	49024	11772	37973	45374	47963	48785	48983	49024	
rs12440156	89877441	chr15	89876951	89877451	17367	24173	33728	36462	37092	37248	37272	17367	24173	33728	36462	37092	37248	37272	17367	24173	33728	36462	37092	37248	37272	17367	24173	33728	36462	37092	37248	37272	
rs9694034	41665840	chr8	41665693	41666193	17367	21681	30232	32688	33261	33407	33426	17367	21681	30232	32688	33261	33407	33426	17367	21681	30232	32688	33261	33407	33426	17367	21681	30232	32688	33261	33407	33426	17367	21681	30232	32688	33261	33407	33426	17367	21681	30232	32688	33261	33407	33426	17367	21681	30232	32688	33261	33407	33426	17367	21681	30232	32688	33261	33407	33426	17367	21681	30232	32688	33261	33407	33426	17367	21681	30232	32688	33261	33407	33426	17367	21681	30232	32688	33261	33407	33426	17367	21681	30232	32688	33261	33407	33426	
rs2074310	17400339	chr11	17400030	17400530	17367	10282	14387	15585	15880	15946	15954	17367	10282	14387	15585	15880	15946	15954	17367	10282	14387	15585	15880	15946	15954	17367	10282	14387	15585	15880	15946	15954	17367	10282	14387	15585	15880	15946	15954	17367	10282	14387	15585	15880	15946	15954	17367	10282	14387	15585	15880	15946	15954	17367	10282	14387	15585	15880	15946	15954	
rs11257655	12265895	chr10	12265577	12266077	2568	46990	49091	49662	27228	27337	27352	
rs7965349	121034128	chr12	121033844	121034344	5876	43958	12737	13802	14067	14119	14126	5876	43958	12737	13802	14067	14119	14126	5876	43958	12737	13802	14067	14119	14126	5876	43958	12737	13802	14067	14119	14126	5876	43958	12737	13802	14067	14119	14126	5876	43958	12737	13802	14067	14119	14126	5876	43958	12737	13802	14067	14119	14126	5876	43958	12737	13802	14067	14119	14126	5876	43958	12737	13802	14067	14119	14126	
rs4778744	80063537	chr15	80063252	80063752	17367	28741	39996	43232	43967	44147	44181	17367	28741	39996	43232	43967	44147	44181	17367	28741	39996	43232	43967	44147	44181	17367	28741	39996	43232	43967	44147	44181	17367	28741	39996	43232	43967	44147	44181	17367	28741	39996	43232	43967	44147	44181	17367	28741	39996	43232	43967	44147	44181	17367	28741	39996	43232	43967	44147	44181	
rs1635852	28149792	chr7	28149672	28150172	17367	7255	10120	10972	11177	11215	11219	17367	7255	10120	10972	11177	11215	11219	17367	7255	10120	10972	11177	11215	11219	17367	7255	10120	10972	11177	11215	11219	17367	7255	10120	10972	11177	11215	11219	17367	7255	10120	10972	11177	11215	11219	17367	7255	10120	10972	11177	11215	11219	17367	7255	10120	10972	11177	11215	11219	17367	7255	10120	10972	11177	11215	11219	17367	7255	10120	10972	11177	11215	11219	17367	7255	10120	10972	11177	11215	11219	
rs77438476	38067570	chr6	38067498	38067998	17367	15087	21071	22807	23224	23318	23329	
