chr	start	end	Naive-B	Naive-T	CM	NK	memory-B	cDC	CD8T	
chr15	78944857	78945357	17367	18108	25222	27307	27793	27906	27922	17367	18108	25222	27307	27793	27906	27922	17367	18108	25222	27307	27793	27906	27922	17367	18108	25222	27307	27793	27906	27922	17367	18108	25222	27307	27793	27906	27922	17367	18108	25222	27307	27793	27906	27922	17367	18108	25222	27307	27793	27906	27922	17367	18108	25222	27307	27793	27906	27922	17367	18108	25222	27307	27793	27906	27922	17367	18108	25222	27307	27793	27906	27922	17367	18108	25222	27307	27793	27906	27922	
chr15	78944073	78944573	17367	25196	35142	37986	38637	38798	38822	17367	25196	35142	37986	38637	38798	38822	17367	25196	35142	37986	38637	38798	38822	17367	25196	35142	37986	38637	38798	38822	17367	25196	35142	37986	38637	38798	38822	17367	25196	35142	37986	38637	38798	38822	17367	25196	35142	37986	38637	38798	38822	17367	25196	35142	37986	38637	38798	38822	17367	25196	35142	37986	38637	38798	38822	17367	25196	35142	37986	38637	38798	38822	17367	25196	35142	37986	38637	38798	38822	
chr1	63640742	63641242	12157	37731	41860	45257	46034	46223	46261	12157	37731	41860	45257	46034	46223	46261	12157	37731	41860	45257	46034	46223	46261	12157	37731	41860	45257	46034	46223	46261	12157	37731	41860	45257	46034	46223	46261	12157	37731	41860	45257	46034	46223	46261	12157	37731	41860	45257	46034	46223	46261	12157	37731	41860	45257	46034	46223	46261	12157	37731	41860	45257	46034	46223	46261	12157	37731	41860	45257	46034	46223	46261	12157	37731	41860	45257	46034	46223	46261	12157	37731	41860	45257	46034	46223	46261	12157	37731	41860	45257	46034	46223	46261	12157	37731	41860	45257	46034	46223	46261	12157	37731	41860	45257	46034	46223	46261	12157	37731	41860	45257	46034	46223	46261	12157	37731	41860	45257	46034	46223	46261	12157	37731	41860	45257	46034	46223	46261	
chr15	78939804	78940304	17367	29983	41722	45110	45885	46073	46111	17367	29983	41722	45110	45885	46073	46111	17367	29983	41722	45110	45885	46073	46111	17367	29983	41722	45110	45885	46073	46111	17367	29983	41722	45110	45885	46073	46111	17367	29983	41722	45110	45885	46073	46111	17367	29983	41722	45110	45885	46073	46111	17367	29983	41722	45110	45885	46073	46111	17367	29983	41722	45110	45885	46073	46111	17367	29983	41722	45110	45885	46073	46111	17367	29983	41722	45110	45885	46073	46111	
chr16	11093452	11093952	17367	21725	30287	32745	33319	33465	33485	17367	21725	30287	32745	33319	33465	33485	17367	21725	30287	32745	33319	33465	33485	17367	21725	30287	32745	33319	33465	33485	17367	21725	30287	32745	33319	33465	33485	17367	21725	30287	32745	33319	33465	33485	
chr11	2191103	2191603	9414	40496	34921	37754	38400	38560	38584	9414	40496	34921	37754	38400	38560	38584	9414	40496	34921	37754	38400	38560	38584	9414	40496	34921	37754	38400	38560	38584	9414	40496	34921	37754	38400	38560	38584	9414	40496	34921	37754	38400	38560	38584	9414	40496	34921	37754	38400	38560	38584	9414	40496	34921	37754	38400	38560	38584	9414	40496	34921	37754	38400	38560	38584	9414	40496	34921	37754	38400	38560	38584	9414	40496	34921	37754	38400	38560	38584	9414	40496	34921	37754	38400	38560	38584	9414	40496	34921	37754	38400	38560	38584	
chr6	126339808	126340308	17367	13047	18181	19684	20047	20131	20141	
chr16	28524460	28524960	17367	10100	14131	15314	15604	15668	15676	17367	10100	14131	15314	15604	15668	15676	17367	10100	14131	15314	15604	15668	15676	17367	10100	14131	15314	15604	15668	15676	17367	10100	14131	15314	15604	15668	15676	17367	10100	14131	15314	15604	15668	15676	17367	10100	14131	15314	15604	15668	15676	17367	10100	14131	15314	15604	15668	15676	17367	10100	14131	15314	15604	15668	15676	17367	10100	14131	15314	15604	15668	15676	17367	10100	14131	15314	15604	15668	15676	17367	10100	14131	15314	15604	15668	15676	17367	10100	14131	15314	15604	15668	15676	17367	10100	14131	15314	15604	15668	15676	17367	10100	14131	15314	15604	15668	15676	17367	10100	14131	15314	15604	15668	15676	
chr14	68805359	68805859	17367	10131	14172	15356	15647	15711	15719	17367	10131	14172	15356	15647	15711	15719	17367	10131	14172	15356	15647	15711	15719	17367	10131	14172	15356	15647	15711	15719	17367	10131	14172	15356	15647	15711	15719	17367	10131	14172	15356	15647	15711	15719	17367	10131	14172	15356	15647	15711	15719	17367	10131	14172	15356	15647	15711	15719	17367	10131	14172	15356	15647	15711	15719	
chr15	78938955	78939455	754	49021	49048	49504	2373	2380	2381	754	49021	49048	49504	2373	2380	2381	754	49021	49048	49504	2373	2380	2381	754	49021	49048	49504	2373	2380	2381	754	49021	49048	49504	2373	2380	2381	754	49021	49048	49504	2373	2380	2381	754	49021	49048	49504	2373	2380	2381	754	49021	49048	49504	2373	2380	2381	754	49021	49048	49504	2373	2380	2381	754	49021	49048	49504	2373	2380	2381	754	49021	49048	49504	2373	2380	2381	
chr16	11088170	11088670	17367	23068	32171	34777	35384	35535	35557	17367	23068	32171	34777	35384	35535	35557	17367	23068	32171	34777	35384	35535	35557	17367	23068	32171	34777	35384	35535	35557	17367	23068	32171	34777	35384	35535	35557	17367	23068	32171	34777	35384	35535	35557	17367	23068	32171	34777	35384	35535	35557	
chr16	11080239	11080739	17367	11762	16404	17769	18101	18175	18183	17367	11762	16404	17769	18101	18175	18183	17367	11762	16404	17769	18101	18175	18183	17367	11762	16404	17769	18101	18175	18183	17367	11762	16404	17769	18101	18175	18183	17367	11762	16404	17769	18101	18175	18183	17367	11762	16404	17769	18101	18175	18183	
chr16	11077754	11078254	4273	45144	49461	22182	22591	22683	22694	4273	45144	49461	22182	22591	22683	22694	4273	45144	49461	22182	22591	22683	22694	4273	45144	49461	22182	22591	22683	22694	4273	45144	49461	22182	22591	22683	22694	4273	45144	49461	22182	22591	22683	22694	4273	45144	49461	22182	22591	22683	22694	
chr7	28168879	28169379	17367	24627	34342	37127	37765	37923	37947	17367	24627	34342	37127	37765	37923	37947	17367	24627	34342	37127	37765	37923	37947	17367	24627	34342	37127	37765	37923	37947	17367	24627	34342	37127	37765	37923	37947	17367	24627	34342	37127	37765	37923	37947	17367	24627	34342	37127	37765	37923	37947	17367	24627	34342	37127	37765	37923	37947	17367	24627	34342	37127	37765	37923	37947	17367	24627	34342	37127	37765	37923	37947	
