snp	pos	chr	start	end	Naive-B	Naive-T	CM	NK	memory-B	cDC	CD8T	
rs67957462	2191218	chr11	2191103	2191603	9414	40496	34921	37754	38400	38560	38584	9414	40496	34921	37754	38400	38560	38584	9414	40496	34921	37754	38400	38560	38584	9414	40496	34921	37754	38400	38560	38584	9414	40496	34921	37754	38400	38560	38584	9414	40496	34921	37754	38400	38560	38584	9414	40496	34921	37754	38400	38560	38584	9414	40496	34921	37754	38400	38560	38584	9414	40496	34921	37754	38400	38560	38584	9414	40496	34921	37754	38400	38560	38584	9414	40496	34921	37754	38400	38560	38584	9414	40496	34921	37754	38400	38560	38584	9414	40496	34921	37754	38400	38560	38584	
rs11856301	78939988	chr15	78939804	78940304	17367	29983	41722	45110	45885	46073	46111	17367	29983	41722	45110	45885	46073	46111	17367	29983	41722	45110	45885	46073	46111	17367	29983	41722	45110	45885	46073	46111	17367	29983	41722	45110	45885	46073	46111	17367	29983	41722	45110	45885	46073	46111	17367	29983	41722	45110	45885	46073	46111	17367	29983	41722	45110	45885	46073	46111	17367	29983	41722	45110	45885	46073	46111	17367	29983	41722	45110	45885	46073	46111	17367	29983	41722	45110	45885	46073	46111	
rs849320	28169217	chr7	28168879	28169379	17367	24627	34342	37127	37765	37923	37947	17367	24627	34342	37127	37765	37923	37947	17367	24627	34342	37127	37765	37923	37947	17367	24627	34342	37127	37765	37923	37947	17367	24627	34342	37127	37765	37923	37947	17367	24627	34342	37127	37765	37923	37947	17367	24627	34342	37127	37765	37923	37947	17367	24627	34342	37127	37765	37923	37947	17367	24627	34342	37127	37765	37923	37947	17367	24627	34342	37127	37765	37923	37947	
rs7203793	11088277	chr16	11088170	11088670	17367	23068	32171	34777	35384	35535	35557	17367	23068	32171	34777	35384	35535	35557	17367	23068	32171	34777	35384	35535	35557	17367	23068	32171	34777	35384	35535	35557	17367	23068	32171	34777	35384	35535	35557	17367	23068	32171	34777	35384	35535	35557	17367	23068	32171	34777	35384	35535	35557	
rs9388486	126340008	chr6	126339808	126340308	17367	13047	18181	19684	20047	20131	20141	
rs76361611	2191354	chr11	2191103	2191603	9414	40496	34921	37754	38400	38560	38584	9414	40496	34921	37754	38400	38560	38584	9414	40496	34921	37754	38400	38560	38584	9414	40496	34921	37754	38400	38560	38584	9414	40496	34921	37754	38400	38560	38584	9414	40496	34921	37754	38400	38560	38584	9414	40496	34921	37754	38400	38560	38584	9414	40496	34921	37754	38400	38560	38584	9414	40496	34921	37754	38400	38560	38584	9414	40496	34921	37754	38400	38560	38584	9414	40496	34921	37754	38400	38560	38584	9414	40496	34921	37754	38400	38560	38584	9414	40496	34921	37754	38400	38560	38584	
rs9652601	11080508	chr16	11080239	11080739	17367	11762	16404	17769	18101	18175	18183	17367	11762	16404	17769	18101	18175	18183	17367	11762	16404	17769	18101	18175	18183	17367	11762	16404	17769	18101	18175	18183	17367	11762	16404	17769	18101	18175	18183	17367	11762	16404	17769	18101	18175	18183	17367	11762	16404	17769	18101	18175	18183	
rs7110836	2191535	chr11	2191103	2191603	9414	40496	34921	37754	38400	38560	38584	9414	40496	34921	37754	38400	38560	38584	9414	40496	34921	37754	38400	38560	38584	9414	40496	34921	37754	38400	38560	38584	9414	40496	34921	37754	38400	38560	38584	9414	40496	34921	37754	38400	38560	38584	9414	40496	34921	37754	38400	38560	38584	9414	40496	34921	37754	38400	38560	38584	9414	40496	34921	37754	38400	38560	38584	9414	40496	34921	37754	38400	38560	38584	9414	40496	34921	37754	38400	38560	38584	9414	40496	34921	37754	38400	38560	38584	9414	40496	34921	37754	38400	38560	38584	
15:79232525	78940183	chr15	78939804	78940304	17367	29983	41722	45110	45885	46073	46111	17367	29983	41722	45110	45885	46073	46111	17367	29983	41722	45110	45885	46073	46111	17367	29983	41722	45110	45885	46073	46111	17367	29983	41722	45110	45885	46073	46111	17367	29983	41722	45110	45885	46073	46111	17367	29983	41722	45110	45885	46073	46111	17367	29983	41722	45110	45885	46073	46111	17367	29983	41722	45110	45885	46073	46111	17367	29983	41722	45110	45885	46073	46111	17367	29983	41722	45110	45885	46073	46111	
rs9652582	11080707	chr16	11080239	11080739	17367	11762	16404	17769	18101	18175	18183	17367	11762	16404	17769	18101	18175	18183	17367	11762	16404	17769	18101	18175	18183	17367	11762	16404	17769	18101	18175	18183	17367	11762	16404	17769	18101	18175	18183	17367	11762	16404	17769	18101	18175	18183	17367	11762	16404	17769	18101	18175	18183	
rs12924729	11093926	chr16	11093452	11093952	17367	21725	30287	32745	33319	33465	33485	17367	21725	30287	32745	33319	33465	33485	17367	21725	30287	32745	33319	33465	33485	17367	21725	30287	32745	33319	33465	33485	17367	21725	30287	32745	33319	33465	33485	17367	21725	30287	32745	33319	33465	33485	
14:69272298	68805581	chr14	68805359	68805859	17367	10131	14172	15356	15647	15711	15719	17367	10131	14172	15356	15647	15711	15719	17367	10131	14172	15356	15647	15711	15719	17367	10131	14172	15356	15647	15711	15719	17367	10131	14172	15356	15647	15711	15719	17367	10131	14172	15356	15647	15711	15719	17367	10131	14172	15356	15647	15711	15719	17367	10131	14172	15356	15647	15711	15719	17367	10131	14172	15356	15647	15711	15719	
rs11072817	78944473	chr15	78944073	78944573	17367	25196	35142	37986	38637	38798	38822	17367	25196	35142	37986	38637	38798	38822	17367	25196	35142	37986	38637	38798	38822	17367	25196	35142	37986	38637	38798	38822	17367	25196	35142	37986	38637	38798	38822	17367	25196	35142	37986	38637	38798	38822	17367	25196	35142	37986	38637	38798	38822	17367	25196	35142	37986	38637	38798	38822	17367	25196	35142	37986	38637	38798	38822	17367	25196	35142	37986	38637	38798	38822	17367	25196	35142	37986	38637	38798	38822	
rs11072815	78939977	chr15	78939804	78940304	17367	29983	41722	45110	45885	46073	46111	17367	29983	41722	45110	45885	46073	46111	17367	29983	41722	45110	45885	46073	46111	17367	29983	41722	45110	45885	46073	46111	17367	29983	41722	45110	45885	46073	46111	17367	29983	41722	45110	45885	46073	46111	17367	29983	41722	45110	45885	46073	46111	17367	29983	41722	45110	45885	46073	46111	17367	29983	41722	45110	45885	46073	46111	17367	29983	41722	45110	45885	46073	46111	17367	29983	41722	45110	45885	46073	46111	
rs68037604	2191257	chr11	2191103	2191603	9414	40496	34921	37754	38400	38560	38584	9414	40496	34921	37754	38400	38560	38584	9414	40496	34921	37754	38400	38560	38584	9414	40496	34921	37754	38400	38560	38584	9414	40496	34921	37754	38400	38560	38584	9414	40496	34921	37754	38400	38560	38584	9414	40496	34921	37754	38400	38560	38584	9414	40496	34921	37754	38400	38560	38584	9414	40496	34921	37754	38400	38560	38584	9414	40496	34921	37754	38400	38560	38584	9414	40496	34921	37754	38400	38560	38584	9414	40496	34921	37754	38400	38560	38584	9414	40496	34921	37754	38400	38560	38584	
rs2301055	63641146	chr1	63640742	63641242	12157	37731	41860	45257	46034	46223	46261	12157	37731	41860	45257	46034	46223	46261	12157	37731	41860	45257	46034	46223	46261	12157	37731	41860	45257	46034	46223	46261	12157	37731	41860	45257	46034	46223	46261	12157	37731	41860	45257	46034	46223	46261	12157	37731	41860	45257	46034	46223	46261	12157	37731	41860	45257	46034	46223	46261	12157	37731	41860	45257	46034	46223	46261	12157	37731	41860	45257	46034	46223	46261	12157	37731	41860	45257	46034	46223	46261	12157	37731	41860	45257	46034	46223	46261	12157	37731	41860	45257	46034	46223	46261	12157	37731	41860	45257	46034	46223	46261	12157	37731	41860	45257	46034	46223	46261	12157	37731	41860	45257	46034	46223	46261	12157	37731	41860	45257	46034	46223	46261	12157	37731	41860	45257	46034	46223	46261	
11:2212723	2191493	chr11	2191103	2191603	9414	40496	34921	37754	38400	38560	38584	9414	40496	34921	37754	38400	38560	38584	9414	40496	34921	37754	38400	38560	38584	9414	40496	34921	37754	38400	38560	38584	9414	40496	34921	37754	38400	38560	38584	9414	40496	34921	37754	38400	38560	38584	9414	40496	34921	37754	38400	38560	38584	9414	40496	34921	37754	38400	38560	38584	9414	40496	34921	37754	38400	38560	38584	9414	40496	34921	37754	38400	38560	38584	9414	40496	34921	37754	38400	38560	38584	9414	40496	34921	37754	38400	38560	38584	9414	40496	34921	37754	38400	38560	38584	
rs2058531	11078252	chr16	11077754	11078254	4273	45144	49461	22182	22591	22683	22694	4273	45144	49461	22182	22591	22683	22694	4273	45144	49461	22182	22591	22683	22694	4273	45144	49461	22182	22591	22683	22694	4273	45144	49461	22182	22591	22683	22694	4273	45144	49461	22182	22591	22683	22694	4273	45144	49461	22182	22591	22683	22694	
rs62034322	28524513	chr16	28524460	28524960	17367	10100	14131	15314	15604	15668	15676	17367	10100	14131	15314	15604	15668	15676	17367	10100	14131	15314	15604	15668	15676	17367	10100	14131	15314	15604	15668	15676	17367	10100	14131	15314	15604	15668	15676	17367	10100	14131	15314	15604	15668	15676	17367	10100	14131	15314	15604	15668	15676	17367	10100	14131	15314	15604	15668	15676	17367	10100	14131	15314	15604	15668	15676	17367	10100	14131	15314	15604	15668	15676	17367	10100	14131	15314	15604	15668	15676	17367	10100	14131	15314	15604	15668	15676	17367	10100	14131	15314	15604	15668	15676	17367	10100	14131	15314	15604	15668	15676	17367	10100	14131	15314	15604	15668	15676	17367	10100	14131	15314	15604	15668	15676	
rs11638844	78939176	chr15	78938955	78939455	754	49021	49048	49504	2373	2380	2381	754	49021	49048	49504	2373	2380	2381	754	49021	49048	49504	2373	2380	2381	754	49021	49048	49504	2373	2380	2381	754	49021	49048	49504	2373	2380	2381	754	49021	49048	49504	2373	2380	2381	754	49021	49048	49504	2373	2380	2381	754	49021	49048	49504	2373	2380	2381	754	49021	49048	49504	2373	2380	2381	754	49021	49048	49504	2373	2380	2381	754	49021	49048	49504	2373	2380	2381	
rs10400902	78939274	chr15	78938955	78939455	754	49021	49048	49504	2373	2380	2381	754	49021	49048	49504	2373	2380	2381	754	49021	49048	49504	2373	2380	2381	754	49021	49048	49504	2373	2380	2381	754	49021	49048	49504	2373	2380	2381	754	49021	49048	49504	2373	2380	2381	754	49021	49048	49504	2373	2380	2381	754	49021	49048	49504	2373	2380	2381	754	49021	49048	49504	2373	2380	2381	754	49021	49048	49504	2373	2380	2381	754	49021	49048	49504	2373	2380	2381	
rs1036938	78944905	chr15	78944857	78945357	17367	18108	25222	27307	27793	27906	27922	17367	18108	25222	27307	27793	27906	27922	17367	18108	25222	27307	27793	27906	27922	17367	18108	25222	27307	27793	27906	27922	17367	18108	25222	27307	27793	27906	27922	17367	18108	25222	27307	27793	27906	27922	17367	18108	25222	27307	27793	27906	27922	17367	18108	25222	27307	27793	27906	27922	17367	18108	25222	27307	27793	27906	27922	17367	18108	25222	27307	27793	27906	27922	17367	18108	25222	27307	27793	27906	27922	
rs1036939	78944982	chr15	78944857	78945357	17367	18108	25222	27307	27793	27906	27922	17367	18108	25222	27307	27793	27906	27922	17367	18108	25222	27307	27793	27906	27922	17367	18108	25222	27307	27793	27906	27922	17367	18108	25222	27307	27793	27906	27922	17367	18108	25222	27307	27793	27906	27922	17367	18108	25222	27307	27793	27906	27922	17367	18108	25222	27307	27793	27906	27922	17367	18108	25222	27307	27793	27906	27922	17367	18108	25222	27307	27793	27906	27922	17367	18108	25222	27307	27793	27906	27922	
rs4899258	68805602	chr14	68805359	68805859	17367	10131	14172	15356	15647	15711	15719	17367	10131	14172	15356	15647	15711	15719	17367	10131	14172	15356	15647	15711	15719	17367	10131	14172	15356	15647	15711	15719	17367	10131	14172	15356	15647	15711	15719	17367	10131	14172	15356	15647	15711	15719	17367	10131	14172	15356	15647	15711	15719	17367	10131	14172	15356	15647	15711	15719	17367	10131	14172	15356	15647	15711	15719	
