snp	pos	chr	start	end	Naive-B	Naive-T	CM	NK	memory-B	cDC	CD8T	
rs11567685	35856473	chr5	35856021	35856521	17367	27417	38160	41257	41957	42132	42164	17367	27417	38160	41257	41957	42132	42164	17367	27417	38160	41257	41957	42132	42164	17367	27417	38160	41257	41957	42132	42164	17367	27417	38160	41257	41957	42132	42164	17367	27417	38160	41257	41957	42132	42164	17367	27417	38160	41257	41957	42132	42164	17367	27417	38160	41257	41957	42132	42164	17367	27417	38160	41257	41957	42132	42164	17367	27417	38160	41257	41957	42132	42164	17367	27417	38160	41257	41957	42132	42164	17367	27417	38160	41257	41957	42132	42164	17367	27417	38160	41257	41957	42132	42164	17367	27417	38160	41257	41957	42132	42164	
rs798488	2762888	chr7	2762570	2763070	17367	22332	31131	33656	34241	34388	34410	17367	22332	31131	33656	34241	34388	34410	17367	22332	31131	33656	34241	34388	34410	17367	22332	31131	33656	34241	34388	34410	17367	22332	31131	33656	34241	34388	34410	17367	22332	31131	33656	34241	34388	34410	17367	22332	31131	33656	34241	34388	34410	17367	22332	31131	33656	34241	34388	34410	17367	22332	31131	33656	34241	34388	34410	17367	22332	31131	33656	34241	34388	34410	17367	22332	31131	33656	34241	34388	34410	17367	22332	31131	33656	34241	34388	34410	17367	22332	31131	33656	34241	34388	34410	17367	22332	31131	33656	34241	34388	34410	
11:76299844	76588800	chr11	76588405	76588905	17367	17368	24209	26208	26679	26788	26803	17367	17368	24209	26208	26679	26788	26803	17367	17368	24209	26208	26679	26788	26803	17367	17368	24209	26208	26679	26788	26803	17367	17368	24209	26208	26679	26788	26803	
rs35957220	2772998	chr7	2772883	2773383	13367	36148	45274	48955	41095	41266	41295	13367	36148	45274	48955	41095	41266	41295	13367	36148	45274	48955	41095	41266	41295	13367	36148	45274	48955	41095	41266	41295	13367	36148	45274	48955	41095	41266	41295	13367	36148	45274	48955	41095	41266	41295	13367	36148	45274	48955	41095	41266	41295	13367	36148	45274	48955	41095	41266	41295	13367	36148	45274	48955	41095	41266	41295	13367	36148	45274	48955	41095	41266	41295	13367	36148	45274	48955	41095	41266	41295	13367	36148	45274	48955	41095	41266	41295	13367	36148	45274	48955	41095	41266	41295	13367	36148	45274	48955	41095	41266	41295	
rs137858	50445601	chr22	50445103	50445603	17367	29263	40753	44057	44813	44995	45030	17367	29263	40753	44057	44813	44995	45030	17367	29263	40753	44057	44813	44995	45030	17367	29263	40753	44057	44813	44995	45030	17367	29263	40753	44057	44813	44995	45030	17367	29263	40753	44057	44813	44995	45030	17367	29263	40753	44057	44813	44995	45030	17367	29263	40753	44057	44813	44995	45030	17367	29263	40753	44057	44813	44995	45030	17367	29263	40753	44057	44813	44995	45030	17367	29263	40753	44057	44813	44995	45030	17367	29263	40753	44057	44813	44995	45030	17367	29263	40753	44057	44813	44995	45030	
rs3778753	128939988	chr7	128939903	128940403	17367	1982	2798	3047	3103	3112	3113	17367	1982	2798	3047	3103	3112	3113	17367	1982	2798	3047	3103	3112	3113	17367	1982	2798	3047	3103	3112	3113	17367	1982	2798	3047	3103	3112	3113	
rs3778752	128939993	chr7	128939903	128940403	17367	1982	2798	3047	3103	3112	3113	17367	1982	2798	3047	3103	3112	3113	17367	1982	2798	3047	3103	3112	3113	17367	1982	2798	3047	3103	3112	3113	
rs3778754	128935498	chr7	128935232	128935732	15066	35056	30050	32494	33062	33205	33223	15066	35056	30050	32494	33062	33205	33223	15066	35056	30050	32494	33062	33205	33223	15066	35056	30050	32494	33062	33205	33223	15066	35056	30050	32494	33062	33205	33223	
rs11574938	30474072	chr16	30473661	30474161	17367	20101	27989	30257	30797	30922	30939	17367	20101	27989	30257	30797	30922	30939	17367	20101	27989	30257	30797	30922	30939	17367	20101	27989	30257	30797	30922	30939	17367	20101	27989	30257	30797	30922	30939	17367	20101	27989	30257	30797	30922	30939	
rs798518	2738191	chr7	2738135	2738635	17367	1928	2725	2971	3027	3036	3037	17367	1928	2725	2971	3027	3036	3037	17367	1928	2725	2971	3027	3036	3037	17367	1928	2725	2971	3027	3036	3037	17367	1928	2725	2971	3027	3036	3037	17367	1928	2725	2971	3027	3036	3037	17367	1928	2725	2971	3027	3036	3037	17367	1928	2725	2971	3027	3036	3037	17367	1928	2725	2971	3027	3036	3037	17367	1928	2725	2971	3027	3036	3037	17367	1928	2725	2971	3027	3036	3037	17367	1928	2725	2971	3027	3036	3037	17367	1928	2725	2971	3027	3036	3037	17367	1928	2725	2971	3027	3036	3037	
rs1636264	2824952	chr7	2824767	2825267	17367	11996	16714	18107	18443	18518	18527	
rs1713919	2825072	chr7	2824767	2825267	17367	11996	16714	18107	18443	18518	18527	17367	11996	16714	18107	18443	18518	18527	17367	11996	16714	18107	18443	18518	18527	17367	11996	16714	18107	18443	18518	18527	17367	11996	16714	18107	18443	18518	18527	17367	11996	16714	18107	18443	18518	18527	17367	11996	16714	18107	18443	18518	18527	17367	11996	16714	18107	18443	18518	18527	17367	11996	16714	18107	18443	18518	18527	17367	11996	16714	18107	18443	18518	18527	17367	11996	16714	18107	18443	18518	18527	17367	11996	16714	18107	18443	18518	18527	17367	11996	16714	18107	18443	18518	18527	
rs4454228	99155535	chr7	99155167	99155667	17367	17651	24601	26638	27114	27223	27238	
rs364491	10731896	chr5	10731844	10732344	17367	7067	9851	10692	10889	10926	10930	17367	7067	9851	10692	10889	10926	10930	17367	7067	9851	10692	10889	10926	10930	17367	7067	9851	10692	10889	10926	10930	17367	7067	9851	10692	10889	10926	10930	17367	7067	9851	10692	10889	10926	10930	17367	7067	9851	10692	10889	10926	10930	17367	7067	9851	10692	10889	10926	10930	17367	7067	9851	10692	10889	10926	10930	17367	7067	9851	10692	10889	10926	10930	17367	7067	9851	10692	10889	10926	10930	17367	7067	9851	10692	10889	10926	10930	17367	7067	9851	10692	10889	10926	10930	
rs28691713	49962654	chr22	49962270	49962770	17367	14393	20065	21708	22110	22201	22212	17367	14393	20065	21708	22110	22201	22212	17367	14393	20065	21708	22110	22201	22212	17367	14393	20065	21708	22110	22201	22212	17367	14393	20065	21708	22110	22201	22212	17367	14393	20065	21708	22110	22201	22212	17367	14393	20065	21708	22110	22201	22212	17367	14393	20065	21708	22110	22201	22212	17367	14393	20065	21708	22110	22201	22212	17367	14393	20065	21708	22110	22201	22212	17367	14393	20065	21708	22110	22201	22212	17367	14393	20065	21708	22110	22201	22212	17367	14393	20065	21708	22110	22201	22212	
rs1886730	2557169	chr1	2556812	2557312	17367	5446	7656	8318	8465	8492	8496	17367	5446	7656	8318	8465	8492	8496	17367	5446	7656	8318	8465	8492	8496	17367	5446	7656	8318	8465	8492	8496	17367	5446	7656	8318	8465	8492	8496	17367	5446	7656	8318	8465	8492	8496	
rs3807306	128940626	chr7	128940411	128940911	224	49567	48558	49057	13464	13510	13515	224	49567	48558	49057	13464	13510	13515	
rs798495	2757633	chr7	2757548	2758048	17367	26980	37565	40624	41316	41488	41517	17367	26980	37565	40624	41316	41488	41517	17367	26980	37565	40624	41316	41488	41517	17367	26980	37565	40624	41316	41488	41517	17367	26980	37565	40624	41316	41488	41517	17367	26980	37565	40624	41316	41488	41517	17367	26980	37565	40624	41316	41488	41517	17367	26980	37565	40624	41316	41488	41517	17367	26980	37565	40624	41316	41488	41517	17367	26980	37565	40624	41316	41488	41517	17367	26980	37565	40624	41316	41488	41517	17367	26980	37565	40624	41316	41488	41517	17367	26980	37565	40624	41316	41488	41517	17367	26980	37565	40624	41316	41488	41517	
rs2533878	2839073	chr7	2838883	2839383	5784	44051	8374	9092	9257	9289	9293	5784	44051	8374	9092	9257	9289	9293	5784	44051	8374	9092	9257	9289	9293	5784	44051	8374	9092	9257	9289	9293	5784	44051	8374	9092	9257	9289	9293	5784	44051	8374	9092	9257	9289	9293	5784	44051	8374	9092	9257	9289	9293	5784	44051	8374	9092	9257	9289	9293	5784	44051	8374	9092	9257	9289	9293	5784	44051	8374	9092	9257	9289	9293	
rs79775079	128939994	chr7	128939903	128940403	17367	1982	2798	3047	3103	3112	3113	17367	1982	2798	3047	3103	3112	3113	17367	1982	2798	3047	3103	3112	3113	17367	1982	2798	3047	3103	3112	3113	
rs56014530	1854927	chr11	1854440	1854940	17367	15817	22105	23930	24367	24466	24479	17367	15817	22105	23930	24367	24466	24479	17367	15817	22105	23930	24367	24466	24479	17367	15817	22105	23930	24367	24466	24479	17367	15817	22105	23930	24367	24466	24479	17367	15817	22105	23930	24367	24466	24479	17367	15817	22105	23930	24367	24466	24479	17367	15817	22105	23930	24367	24466	24479	17367	15817	22105	23930	24367	24466	24479	17367	15817	22105	23930	24367	24466	24479	17367	15817	22105	23930	24367	24466	24479	
rs35958120	49967749	chr22	49967415	49967915	17367	14477	20184	21833	22236	22327	22338	17367	14477	20184	21833	22236	22327	22338	17367	14477	20184	21833	22236	22327	22338	17367	14477	20184	21833	22236	22327	22338	17367	14477	20184	21833	22236	22327	22338	17367	14477	20184	21833	22236	22327	22338	17367	14477	20184	21833	22236	22327	22338	17367	14477	20184	21833	22236	22327	22338	17367	14477	20184	21833	22236	22327	22338	17367	14477	20184	21833	22236	22327	22338	17367	14477	20184	21833	22236	22327	22338	17367	14477	20184	21833	22236	22327	22338	17367	14477	20184	21833	22236	22327	22338	
rs11041476	1853837	chr11	1853635	1854135	17367	26535	36954	39952	40631	40800	40828	17367	26535	36954	39952	40631	40800	40828	17367	26535	36954	39952	40631	40800	40828	17367	26535	36954	39952	40631	40800	40828	17367	26535	36954	39952	40631	40800	40828	17367	26535	36954	39952	40631	40800	40828	17367	26535	36954	39952	40631	40800	40828	17367	26535	36954	39952	40631	40800	40828	17367	26535	36954	39952	40631	40800	40828	17367	26535	36954	39952	40631	40800	40828	17367	26535	36954	39952	40631	40800	40828	
3:53078482	53044466	chr3	53044453	53044953	17367	11426	15950	17285	17608	17682	17690	17367	11426	15950	17285	17608	17682	17690	17367	11426	15950	17285	17608	17682	17690	17367	11426	15950	17285	17608	17682	17690	17367	11426	15950	17285	17608	17682	17690	17367	11426	15950	17285	17608	17682	17690	17367	11426	15950	17285	17608	17682	17690	17367	11426	15950	17285	17608	17682	17690	17367	11426	15950	17285	17608	17682	17690	17367	11426	15950	17285	17608	17682	17690	
rs9292777	40437846	chr5	40437421	40437921	16701	33662	21898	23709	24137	24235	24248	16701	33662	21898	23709	24137	24235	24248	16701	33662	21898	23709	24137	24235	24248	16701	33662	21898	23709	24137	24235	24248	16701	33662	21898	23709	24137	24235	24248	16701	33662	21898	23709	24137	24235	24248	16701	33662	21898	23709	24137	24235	24248	16701	33662	21898	23709	24137	24235	24248	16701	33662	21898	23709	24137	24235	24248	16701	33662	21898	23709	24137	24235	24248	16701	33662	21898	23709	24137	24235	24248	
rs11236797	76588605	chr11	76588405	76588905	17367	17368	24209	26208	26679	26788	26803	17367	17368	24209	26208	26679	26788	26803	17367	17368	24209	26208	26679	26788	26803	17367	17368	24209	26208	26679	26788	26803	17367	17368	24209	26208	26679	26788	26803	
rs28645887	49962626	chr22	49962270	49962770	17367	14393	20065	21708	22110	22201	22212	17367	14393	20065	21708	22110	22201	22212	17367	14393	20065	21708	22110	22201	22212	17367	14393	20065	21708	22110	22201	22212	17367	14393	20065	21708	22110	22201	22212	17367	14393	20065	21708	22110	22201	22212	17367	14393	20065	21708	22110	22201	22212	17367	14393	20065	21708	22110	22201	22212	17367	14393	20065	21708	22110	22201	22212	17367	14393	20065	21708	22110	22201	22212	17367	14393	20065	21708	22110	22201	22212	17367	14393	20065	21708	22110	22201	22212	17367	14393	20065	21708	22110	22201	22212	
rs10473187	40385032	chr5	40384944	40385444	17367	12000	16721	18115	18453	18528	18537	17367	12000	16721	18115	18453	18528	18537	17367	12000	16721	18115	18453	18528	18537	17367	12000	16721	18115	18453	18528	18537	17367	12000	16721	18115	18453	18528	18537	17367	12000	16721	18115	18453	18528	18537	17367	12000	16721	18115	18453	18528	18537	17367	12000	16721	18115	18453	18528	18537	17367	12000	16721	18115	18453	18528	18537	17367	12000	16721	18115	18453	18528	18537	17367	12000	16721	18115	18453	18528	18537	
rs56123112	35831001	chr5	35830546	35831046	6056	43785	1777	1934	1970	1974	1974	6056	43785	1777	1934	1970	1974	1974	6056	43785	1777	1934	1970	1974	1974	6056	43785	1777	1934	1970	1974	1974	
rs11950763	35830631	chr5	35830546	35831046	6056	43785	1777	1934	1970	1974	1974	6056	43785	1777	1934	1970	1974	1974	6056	43785	1777	1934	1970	1974	1974	
