snp	pos	chr	start	end	Naive-B	Naive-T	CM	NK	memory-B	cDC	CD8T	
rs6573911	24631727	chr14	24631719	24632219	17367	6489	9059	9844	10023	10057	10061	17367	6489	9059	9844	10023	10057	10061	17367	6489	9059	9844	10023	10057	10061	17367	6489	9059	9844	10023	10057	10061	17367	6489	9059	9844	10023	10057	10061	17367	6489	9059	9844	10023	10057	10061	17367	6489	9059	9844	10023	10057	10061	17367	6489	9059	9844	10023	10057	10061	
rs7518608	8497260	chr1	8497053	8497553	1405	48428	17239	18670	19017	19097	19106	1405	48428	17239	18670	19017	19097	19106	1405	48428	17239	18670	19017	19097	19106	1405	48428	17239	18670	19017	19097	19106	1405	48428	17239	18670	19017	19097	19106	1405	48428	17239	18670	19017	19097	19106	1405	48428	17239	18670	19017	19097	19106	1405	48428	17239	18670	19017	19097	19106	1405	48428	17239	18670	19017	19097	19106	1405	48428	17239	18670	19017	19097	19106	
11:35325350	35303803	chr11	35303755	35304255	17367	13911	19373	20976	21369	21456	21467	17367	13911	19373	20976	21369	21456	21467	17367	13911	19373	20976	21369	21456	21467	17367	13911	19373	20976	21369	21456	21467	17367	13911	19373	20976	21369	21456	21467	17367	13911	19373	20976	21369	21456	21467	17367	13911	19373	20976	21369	21456	21467	17367	13911	19373	20976	21369	21456	21467	17367	13911	19373	20976	21369	21456	21467	
rs10424978	4837545	chr19	4837472	4837972	8825	41047	25558	27665	28159	28275	28291	8825	41047	25558	27665	28159	28275	28291	8825	41047	25558	27665	28159	28275	28291	8825	41047	25558	27665	28159	28275	28291	8825	41047	25558	27665	28159	28275	28291	
rs45442494	24632269	chr14	24632238	24632738	17367	31	40	41	43	43	43	17367	31	40	41	43	43	43	17367	31	40	41	43	43	43	17367	31	40	41	43	43	43	17367	31	40	41	43	43	43	17367	31	40	41	43	43	43	17367	31	40	41	43	43	43	
rs11539752	24632383	chr14	24632238	24632738	17367	31	40	41	43	43	43	17367	31	40	41	43	43	43	17367	31	40	41	43	43	43	17367	31	40	41	43	43	43	17367	31	40	41	43	43	43	17367	31	40	41	43	43	43	17367	31	40	41	43	43	43	17367	31	40	41	43	43	43	
rs2273844	24634208	chr14	24634158	24634658	17367	20826	29016	31370	31927	32061	32079	17367	20826	29016	31370	31927	32061	32079	17367	20826	29016	31370	31927	32061	32079	17367	20826	29016	31370	31927	32061	32079	17367	20826	29016	31370	31927	32061	32079	17367	20826	29016	31370	31927	32061	32079	17367	20826	29016	31370	31927	32061	32079	17367	20826	29016	31370	31927	32061	32079	
rs604424	118808703	chr11	118808309	118808809	17367	26403	36766	39751	40427	40596	40624	17367	26403	36766	39751	40427	40596	40624	17367	26403	36766	39751	40427	40596	40624	17367	26403	36766	39751	40427	40596	40624	17367	26403	36766	39751	40427	40596	40624	17367	26403	36766	39751	40427	40596	40624	17367	26403	36766	39751	40427	40596	40624	17367	26403	36766	39751	40427	40596	40624	17367	26403	36766	39751	40427	40596	40624	17367	26403	36766	39751	40427	40596	40624	17367	26403	36766	39751	40427	40596	40624	17367	26403	36766	39751	40427	40596	40624	17367	26403	36766	39751	40427	40596	40624	
rs113822535	24632259	chr14	24632238	24632738	17367	31	40	41	43	43	43	17367	31	40	41	43	43	43	17367	31	40	41	43	43	43	17367	31	40	41	43	43	43	17367	31	40	41	43	43	43	17367	31	40	41	43	43	43	17367	31	40	41	43	43	43	17367	31	40	41	43	43	43	
rs4686484	188400784	chr3	188400402	188400902	779	48985	48581	49146	49736	13871	13877	779	48985	48581	49146	49736	13871	13877	779	48985	48581	49146	49736	13871	13877	779	48985	48581	49146	49736	13871	13877	779	48985	48581	49146	49736	13871	13877	779	48985	48581	49146	49736	13871	13877	
rs61783642	8531338	chr1	8531070	8531570	17367	9740	13629	14771	15051	15112	15119	17367	9740	13629	14771	15051	15112	15119	17367	9740	13629	14771	15051	15112	15119	17367	9740	13629	14771	15051	15112	15119	17367	9740	13629	14771	15051	15112	15119	17367	9740	13629	14771	15051	15112	15119	17367	9740	13629	14771	15051	15112	15119	17367	9740	13629	14771	15051	15112	15119	17367	9740	13629	14771	15051	15112	15119	17367	9740	13629	14771	15051	15112	15119	
rs4686483	188400437	chr3	188400402	188400902	779	48985	48581	49146	49736	13871	13877	779	48985	48581	49146	49736	13871	13877	779	48985	48581	49146	49736	13871	13877	779	48985	48581	49146	49736	13871	13877	779	48985	48581	49146	49736	13871	13877	779	48985	48581	49146	49736	13871	13877	
rs5751086	41768862	chr22	41768390	41768890	16955	33248	35115	37958	38609	38770	38794	16955	33248	35115	37958	38609	38770	38794	16955	33248	35115	37958	38609	38770	38794	16955	33248	35115	37958	38609	38770	38794	16955	33248	35115	37958	38609	38770	38794	
rs4807000	4831866	chr19	4831525	4832025	17367	23931	33381	36099	36727	36882	36906	17367	23931	33381	36099	36727	36882	36906	17367	23931	33381	36099	36727	36882	36906	17367	23931	33381	36099	36727	36882	36906	17367	23931	33381	36099	36727	36882	36906	17367	23931	33381	36099	36727	36882	36906	
rs9834159	188397444	chr3	188397329	188397829	17367	27407	38150	41246	41946	42121	42153	17367	27407	38150	41246	41946	42121	42153	17367	27407	38150	41246	41946	42121	42153	17367	27407	38150	41246	41946	42121	42153	17367	27407	38150	41246	41946	42121	42153	17367	27407	38150	41246	41946	42121	42153	
rs7527389	8496485	chr1	8496442	8496942	17367	5463	7677	8342	8489	8516	8520	17367	5463	7677	8342	8489	8516	8520	17367	5463	7677	8342	8489	8516	8520	17367	5463	7677	8342	8489	8516	8520	17367	5463	7677	8342	8489	8516	8520	17367	5463	7677	8342	8489	8516	8520	17367	5463	7677	8342	8489	8516	8520	17367	5463	7677	8342	8489	8516	8520	17367	5463	7677	8342	8489	8516	8520	17367	5463	7677	8342	8489	8516	8520	
rs9834115	188397354	chr3	188397329	188397829	17367	27407	38150	41246	41946	42121	42153	17367	27407	38150	41246	41946	42121	42153	17367	27407	38150	41246	41946	42121	42153	17367	27407	38150	41246	41946	42121	42153	17367	27407	38150	41246	41946	42121	42153	
14:25101878	24632672	chr14	24632238	24632738	17367	31	40	41	43	43	43	17367	31	40	41	43	43	43	17367	31	40	41	43	43	43	17367	31	40	41	43	43	43	17367	31	40	41	43	43	43	17367	31	40	41	43	43	43	17367	31	40	41	43	43	43	17367	31	40	41	43	43	43	
rs12131864	8531103	chr1	8531070	8531570	17367	9740	13629	14771	15051	15112	15119	17367	9740	13629	14771	15051	15112	15119	17367	9740	13629	14771	15051	15112	15119	17367	9740	13629	14771	15051	15112	15119	17367	9740	13629	14771	15051	15112	15119	17367	9740	13629	14771	15051	15112	15119	17367	9740	13629	14771	15051	15112	15119	17367	9740	13629	14771	15051	15112	15119	17367	9740	13629	14771	15051	15112	15119	17367	9740	13629	14771	15051	15112	15119	
rs9611566	41768625	chr22	41768390	41768890	16955	33248	35115	37958	38609	38770	38794	16955	33248	35115	37958	38609	38770	38794	16955	33248	35115	37958	38609	38770	38794	16955	33248	35115	37958	38609	38770	38794	16955	33248	35115	37958	38609	38770	38794	
rs10425559	4837475	chr19	4837472	4837972	8825	41047	25558	27665	28159	28275	28291	8825	41047	25558	27665	28159	28275	28291	8825	41047	25558	27665	28159	28275	28291	8825	41047	25558	27665	28159	28275	28291	8825	41047	25558	27665	28159	28275	28291	
rs3794102	35272639	chr11	35272368	35272868	17367	1140	1605	1752	1783	1786	1786	17367	1140	1605	1752	1783	1786	1786	17367	1140	1605	1752	1783	1786	1786	17367	1140	1605	1752	1783	1786	1786	17367	1140	1605	1752	1783	1786	1786	17367	1140	1605	1752	1783	1786	1786	17367	1140	1605	1752	1783	1786	1786	17367	1140	1605	1752	1783	1786	1786	17367	1140	1605	1752	1783	1786	1786	
rs1126639	24632342	chr14	24632238	24632738	17367	31	40	41	43	43	43	17367	31	40	41	43	43	43	17367	31	40	41	43	43	43	17367	31	40	41	43	43	43	17367	31	40	41	43	43	43	17367	31	40	41	43	43	43	17367	31	40	41	43	43	43	17367	31	40	41	43	43	43	
rs10873219	24632500	chr14	24632238	24632738	17367	31	40	41	43	43	43	17367	31	40	41	43	43	43	17367	31	40	41	43	43	43	17367	31	40	41	43	43	43	17367	31	40	41	43	43	43	17367	31	40	41	43	43	43	17367	31	40	41	43	43	43	17367	31	40	41	43	43	43	
