chr	start	end	Naive-B	Naive-T	CM	NK	memory-B	cDC	CD8T	
chr19	4831525	4832025	17367	23931	33381	36099	36727	36882	36906	17367	23931	33381	36099	36727	36882	36906	17367	23931	33381	36099	36727	36882	36906	17367	23931	33381	36099	36727	36882	36906	17367	23931	33381	36099	36727	36882	36906	17367	23931	33381	36099	36727	36882	36906	
chr19	4837472	4837972	8825	41047	25558	27665	28159	28275	28291	8825	41047	25558	27665	28159	28275	28291	8825	41047	25558	27665	28159	28275	28291	8825	41047	25558	27665	28159	28275	28291	8825	41047	25558	27665	28159	28275	28291	
chr11	118808309	118808809	17367	26403	36766	39751	40427	40596	40624	17367	26403	36766	39751	40427	40596	40624	17367	26403	36766	39751	40427	40596	40624	17367	26403	36766	39751	40427	40596	40624	17367	26403	36766	39751	40427	40596	40624	17367	26403	36766	39751	40427	40596	40624	17367	26403	36766	39751	40427	40596	40624	17367	26403	36766	39751	40427	40596	40624	17367	26403	36766	39751	40427	40596	40624	17367	26403	36766	39751	40427	40596	40624	17367	26403	36766	39751	40427	40596	40624	17367	26403	36766	39751	40427	40596	40624	17367	26403	36766	39751	40427	40596	40624	
chr14	24634158	24634658	17367	20826	29016	31370	31927	32061	32079	17367	20826	29016	31370	31927	32061	32079	17367	20826	29016	31370	31927	32061	32079	17367	20826	29016	31370	31927	32061	32079	17367	20826	29016	31370	31927	32061	32079	17367	20826	29016	31370	31927	32061	32079	17367	20826	29016	31370	31927	32061	32079	17367	20826	29016	31370	31927	32061	32079	
chr3	188397329	188397829	17367	27407	38150	41246	41946	42121	42153	17367	27407	38150	41246	41946	42121	42153	17367	27407	38150	41246	41946	42121	42153	17367	27407	38150	41246	41946	42121	42153	17367	27407	38150	41246	41946	42121	42153	17367	27407	38150	41246	41946	42121	42153	
chr11	35303755	35304255	17367	13911	19373	20976	21369	21456	21467	17367	13911	19373	20976	21369	21456	21467	17367	13911	19373	20976	21369	21456	21467	17367	13911	19373	20976	21369	21456	21467	17367	13911	19373	20976	21369	21456	21467	17367	13911	19373	20976	21369	21456	21467	17367	13911	19373	20976	21369	21456	21467	17367	13911	19373	20976	21369	21456	21467	17367	13911	19373	20976	21369	21456	21467	
chr3	188400402	188400902	779	48985	48581	49146	49736	13871	13877	779	48985	48581	49146	49736	13871	13877	779	48985	48581	49146	49736	13871	13877	779	48985	48581	49146	49736	13871	13877	779	48985	48581	49146	49736	13871	13877	779	48985	48581	49146	49736	13871	13877	
chr1	8531070	8531570	17367	9740	13629	14771	15051	15112	15119	17367	9740	13629	14771	15051	15112	15119	17367	9740	13629	14771	15051	15112	15119	17367	9740	13629	14771	15051	15112	15119	17367	9740	13629	14771	15051	15112	15119	17367	9740	13629	14771	15051	15112	15119	17367	9740	13629	14771	15051	15112	15119	17367	9740	13629	14771	15051	15112	15119	17367	9740	13629	14771	15051	15112	15119	17367	9740	13629	14771	15051	15112	15119	
chr1	8497053	8497553	1405	48428	17239	18670	19017	19097	19106	1405	48428	17239	18670	19017	19097	19106	1405	48428	17239	18670	19017	19097	19106	1405	48428	17239	18670	19017	19097	19106	1405	48428	17239	18670	19017	19097	19106	1405	48428	17239	18670	19017	19097	19106	1405	48428	17239	18670	19017	19097	19106	1405	48428	17239	18670	19017	19097	19106	1405	48428	17239	18670	19017	19097	19106	1405	48428	17239	18670	19017	19097	19106	
chr14	24632238	24632738	17367	31	40	41	43	43	43	17367	31	40	41	43	43	43	17367	31	40	41	43	43	43	17367	31	40	41	43	43	43	17367	31	40	41	43	43	43	17367	31	40	41	43	43	43	17367	31	40	41	43	43	43	
chr11	35272368	35272868	17367	1140	1605	1752	1783	1786	1786	17367	1140	1605	1752	1783	1786	1786	17367	1140	1605	1752	1783	1786	1786	17367	1140	1605	1752	1783	1786	1786	17367	1140	1605	1752	1783	1786	1786	17367	1140	1605	1752	1783	1786	1786	17367	1140	1605	1752	1783	1786	1786	17367	1140	1605	1752	1783	1786	1786	17367	1140	1605	1752	1783	1786	1786	
chr1	8496442	8496942	17367	5463	7677	8342	8489	8516	8520	17367	5463	7677	8342	8489	8516	8520	17367	5463	7677	8342	8489	8516	8520	17367	5463	7677	8342	8489	8516	8520	17367	5463	7677	8342	8489	8516	8520	17367	5463	7677	8342	8489	8516	8520	17367	5463	7677	8342	8489	8516	8520	17367	5463	7677	8342	8489	8516	8520	17367	5463	7677	8342	8489	8516	8520	17367	5463	7677	8342	8489	8516	8520	
chr14	24631719	24632219	17367	6489	9059	9844	10023	10057	10061	17367	6489	9059	9844	10023	10057	10061	17367	6489	9059	9844	10023	10057	10061	17367	6489	9059	9844	10023	10057	10061	17367	6489	9059	9844	10023	10057	10061	17367	6489	9059	9844	10023	10057	10061	17367	6489	9059	9844	10023	10057	10061	17367	6489	9059	9844	10023	10057	10061	
chr22	41768390	41768890	16955	33248	35115	37958	38609	38770	38794	16955	33248	35115	37958	38609	38770	38794	16955	33248	35115	37958	38609	38770	38794	16955	33248	35115	37958	38609	38770	38794	16955	33248	35115	37958	38609	38770	38794	
